0 0.024337121212121213 0.5235085945399394 0.048295454545454544 0.08190091001011122
0 0.5308712121212121 0.2832406471183013 0.05 0.05232558139534884
0 0.4049242424242424 0.29474216380182 0.07045454545454545 0.07532861476238625
0 0.6035984848484849 0.5161779575328614 0.061742424242424244 0.06370070778564206
0 0.9390151515151515 0.42934782608695654 0.06856060606060606 0.05889787664307381
0 0.4336174242424242 0.49330131445904957 0.06837121212121212 0.06799797775530839
0 0.060227272727272727 0.32103134479271994 0.07007575757575757 0.07229524772497473
0 0.46136363636363636 0.02287664307381193 0.053409090909090906 0.04575328614762386
0 0.6869318181818181 0.03943377148634985 0.058712121212121215 0.06167846309403438
0 0.6920454545454545 0.3834681496461072 0.055303030303030305 0.05611729019211325
0 0.15047348484848486 0.1646865520728008 0.04602272727272727 0.04322548028311426
0 0.7450757575757576 0.46549544994944386 0.05416666666666667 0.05434782608695652
0 0.2662878787878788 0.269211324570273 0.053409090909090906 0.052072800808897875
0 0.02234848484848485 0.6880687563195147 0.0446969696969697 0.06167846309403438
0 0.32272727272727275 0.4236602628918099 0.05946969696969697 0.06066734074823053
0 0.08986742424242425 0.9816734074823054 0.048295454545454544 0.03564206268958544
0 0.6773674242424242 0.17808392315470173 0.058522727272727275 0.0634479271991911
0 0.017045454545454544 0.27338220424671383 0.03409090909090909 0.05990899898887765
0 0.43191287878787876 0.5976996966632963 0.055113636363636365 0.055864509605662284
0 0.7297348484848485 0.09605662285136501 0.05416666666666667 0.05611729019211325
0 0.9227272727272727 0.6017441860465116 0.07196969696969698 0.0826592517694641
0 0.5827651515151515 0.30030333670374115 0.04583333333333333 0.046511627906976744
0 0.11524621212121212 0.24140546006066735 0.10397727272727272 0.10616784630940344
0 0.6971590909090909 0.9021739130434783 0.05037878787878788 0.055611729019211326
0 0.8604166666666667 0.6742922143579373 0.053409090909090906 0.054853387259858444
0 0.1559659090909091 0.9519716885743175 0.06079545454545455 0.06066734074823053
0 0.32651515151515154 0.016557128412537918 0.05037878787878788 0.033114256825075836
0 0.5182765151515152 0.18364509605662285 0.048295454545454544 0.05434782608695652
0 0.20331439393939393 0.5308392315470172 0.05738636363636364 0.06066734074823053
0 0.4850378787878788 0.8618554095045501 0.03484848484848485 0.03766430738119313
0 0.055113636363636365 0.0377906976744186 0.07007575757575757 0.07457027300303337
0 0.13068181818181818 0.08114256825075834 0.06893939393939394 0.07836198179979778
0 0.8759469696969697 0.8415065722952477 0.038636363636363635 0.042467138523761376
0 0.34403409090909093 0.5490394337714863 0.048295454545454544 0.0551061678463094
0 0.9144886363636363 0.05232558139534884 0.03125 0.036905965621840245
0 0.24166666666666667 0.442366026289181 0.06931818181818182 0.07077856420626896
0 0.4303030303030303 0.07014661274014156 0.06363636363636363 0.06799797775530839
0 0.42490530303030305 0.3925682507583418 0.050189393939393936 0.05156723963599596
0 0.540435606060606 0.9311172901921132 0.05435606060606061 0.05889787664307381
0 0.9545454545454546 0.5053083923154702 0.07083333333333333 0.07077856420626896
0 0.12168560606060606 0.3267189079878665 0.04678030303030303 0.05434782608695652
0 0.11098484848484849 0.506572295247725 0.05454545454545454 0.055611729019211326
0 0.2838068181818182 0.1018705763397371 0.08617424242424243 0.1006066734074823
0 0.06581439393939394 0.7518958543983822 0.056628787878787876 0.05889787664307381
0 0.2928030303030303 0.7017189079878665 0.05606060606060606 0.06016177957532862
0 0.8929924242424242 0.11008594539939333 0.0375 0.03918099089989889
0 0.5392045454545454 0.8187563195146613 0.05454545454545454 0.055611729019211326
0 0.6232954545454545 0.15179474216380182 0.03901515151515152 0.042719919110212334
0 0.4422348484848485 0.9788928210313448 0.060227272727272727 0.041708796764408494
0 0.10681818181818181 0.8143326592517695 0.059848484848484845 0.06193124368048534
0 0.3138257575757576 0.6012386248736097 0.05303030303030303 0.06193124368048534
0 0.25729166666666664 0.33645096056622853 0.05321969696969697 0.05864509605662285
0 0.38484848484848483 0.7532861476238625 0.04053030303030303 0.03842264914054601
0 0.6992424242424242 0.6112234580384226 0.04924242424242424 0.04802831142568251
0 0.9704545454545455 0.2832406471183013 0.04393939393939394 0.046258847320525785
0 0.7754734848484849 0.8991405460060667 0.058522727272727275 0.06319514661274014
0 0.6877840909090909 0.3222952477249747 0.07329545454545454 0.06066734074823053
0 0.593655303030303 0.10161779575328615 0.05056818181818182 0.05156723963599596
0 0.631155303030303 0.2039939332659252 0.0365530303030303 0.034378159757330634
0 0.7315340909090909 0.785768452982811 0.07329545454545454 0.07912032355915066
0 0.6142045454545455 0.2647876643073812 0.03143939393939394 0.03614762386248736
0 0.1816287878787879 0.32419110212335694 0.05909090909090909 0.05434782608695652
0 0.665625 0.8124368048533872 0.052083333333333336 0.055611729019211326
0 0.6027462121212122 0.7622598584428716 0.03162878787878788 0.03260869565217391
0 0.881155303030303 0.07457027300303337 0.033522727272727273 0.03538928210313448
0 0.587405303030303 0.9448938321536906 0.04109848484848485 0.043478260869565216
0 0.8763257575757576 0.9591759352881699 0.051515151515151514 0.05232558139534884
0 0.013446969696969697 0.907355915065723 0.026893939393939394 0.04777553083923155
0 0.8861742424242425 0.5412032355915066 0.03143939393939394 0.03538928210313448
0 0.052556818181818184 0.9374368048533872 0.05587121212121212 0.061425682507583415
0 0.4161931818181818 0.8930738119312437 0.055113636363636365 0.06622851365015167
0 0.615625 0.01339737108190091 0.03920454545454546 0.02679474216380182
0 0.09734848484848485 0.8962335692618807 0.05227272727272727 0.05889787664307381
0 0.7387310606060606 0.36766936299292213 0.04375 0.04575328614762386
0 0.7631628787878788 0.009858442871587462 0.03806818181818182 0.019716885743174924
0 0.9878787878787879 0.1680990899898888 0.024242424242424242 0.050050556117290194
0 0.7890151515151516 0.21334681496461072 0.04015151515151515 0.04196157735085945
0 0.9168560606060606 0.7202982810920121 0.06325757575757576 0.07457027300303337
0 0.468655303030303 0.8018200202224469 0.04602272727272727 0.04903943377148635
0 0.38380681818181817 0.1287917087967644 0.045265151515151515 0.05232558139534884
0 0.5402462121212122 0.07065217391304347 0.04109848484848485 0.042719919110212334
0 0.8120265151515151 0.5935288169868554 0.08200757575757575 0.08341759352881699
0 0.5348484848484848 0.7384984833164813 0.04128787878787879 0.04524772497472194
0 0.1963068181818182 0.07747724974721941 0.045265151515151515 0.04979777553083923
0 0.3347537878787879 0.2780586450960566 0.05132575757575757 0.05712841253791709
0 0.6268939393939394 0.04878665318503539 0.04962121212121212 0.05055611729019211
0 0.8213068181818182 0.4183518705763397 0.03958333333333333 0.03993933265925177
0 0.940625 0.8186299292214358 0.05738636363636364 0.0609201213346815
0 0.3924242424242424 0.5413296258847321 0.045454545454545456 0.05283114256825076
0 0.434375 0.1870576339737108 0.04640151515151515 0.0455005055611729
0 0.9287878787878788 0.010869565217391304 0.04962121212121212 0.021739130434782608
0 0.5434659090909091 0.3636248736097068 0.06117424242424242 0.06799797775530839
0 0.874905303030303 0.3954752275025278 0.0490530303030303 0.04979777553083923
0 0.33371212121212124 0.9619565217391305 0.038257575757575754 0.0442366026289181
0 0.013068181818181817 0.09201213346814964 0.026136363636363635 0.03842264914054601
0 0.9795454545454545 0.6899646107178968 0.04090909090909091 0.07709807886754297
0 0.3359848484848485 0.18895348837209303 0.029166666666666667 0.03361981799797775
0 0.809375 0.5030333670374115 0.04602272727272727 0.04802831142568251
0 0.596685606060606 0.36046511627906974 0.04791666666666667 0.05156723963599596
0 0.25615530303030304 0.17972699696663297 0.0365530303030303 0.033367037411526794
0 0.12916666666666668 0.010995955510616785 0.03674242424242424 0.02199191102123357
0 0.9660037878787879 0.9524772497472194 0.03920454545454546 0.03842264914054601
0 0.987405303030303 0.836324570273003 0.02481060606060606 0.0826592517694641