0 0.7196969696969697 0.5073306370070778 0.07348484848484849 0.08240647118301314
0 0.24867424242424244 0.8911779575328614 0.07689393939393939 0.07355915065722952
0 0.806155303030303 0.6742922143579373 0.058143939393939394 0.059403437815975735
0 0.6305871212121212 0.11880687563195147 0.058143939393939394 0.0621840242669363
0 0.8777462121212121 0.8863751263902933 0.05132575757575757 0.05283114256825076
0 0.8647727272727272 0.4193629929221436 0.05946969696969697 0.06167846309403438
0 0.8851325757575758 0.6201971688574317 0.07746212121212122 0.08569261880687563
0 0.11325757575757575 0.6054095045500506 0.0625 0.07330637007077856
0 0.14962121212121213 0.22889282103134478 0.075 0.08367037411526795
0 0.23456439393939393 0.6942618806875632 0.06420454545454546 0.06496461071789686
0 0.975189393939394 0.39509605662285135 0.04962121212121212 0.07735085945399393
0 0.7914772727272728 0.8228008088978767 0.04583333333333333 0.050050556117290194
0 0.6536931818181818 0.32027300303336703 0.07178030303030303 0.07633973710819009
0 0.6838068181818182 0.44261880687563193 0.06079545454545455 0.06521739130434782
0 0.3927083333333333 0.9442618806875632 0.04109848484848485 0.04929221435793731
0 0.16799242424242425 0.40811425682507585 0.07272727272727272 0.07355915065722952
0 0.228125 0.11691102123356927 0.05776515151515151 0.06294236602628918
0 0.7040719696969697 0.7885490394337715 0.06950757575757575 0.06900910010111223
0 0.3478219696969697 0.217896865520728 0.07443181818181818 0.07684529828109202
0 0.3007575757575758 0.3102881698685541 0.06628787878787878 0.07103134479271991
0 0.9334280303030303 0.028816986855409503 0.04147727272727273 0.046511627906976744
0 0.3775568181818182 0.32014661274014156 0.055492424242424246 0.05637007077856421
0 0.9263257575757575 0.2123356926188069 0.0571969696969697 0.06016177957532862
0 0.5004734848484849 0.5096056622851365 0.06609848484848485 0.07381193124368049
0 0.12509469696969697 0.8921890798786654 0.0634469696969697 0.06547017189079879
0 0.9821969696969697 0.21814964610717896 0.035606060606060606 0.0672396359959555
0 0.7869318181818182 0.8911779575328614 0.03409090909090909 0.03918099089989889
0 0.37736742424242425 0.38511122345803844 0.0634469696969697 0.06294236602628918
0 0.8011363636363636 0.7396359959555107 0.07992424242424243 0.07330637007077856
0 0.8986742424242424 0.7905712841253791 0.04242424242424243 0.046258847320525785
0 0.7731060606060606 0.45917593528816986 0.05795454545454545 0.05990899898887765
0 0.6047348484848485 0.26453488372093026 0.06060606060606061 0.06648129423660262
0 0.9130681818181818 0.983948432760364 0.038636363636363635 0.03159757330637007
0 0.022443181818181817 0.12007077856420627 0.04412878787878788 0.07077856420626896
0 0.7553030303030303 0.17416582406471184 0.06818181818181818 0.06420626895854398
0 0.5900568181818182 0.35351365015166836 0.06306818181818181 0.06547017189079879
0 0.803219696969697 0.04739635995955511 0.06553030303030304 0.07204246713852376
0 0.975189393939394 0.525278058645096 0.04962121212121212 0.05813953488372093
0 0.6758522727272728 0.2333164812942366 0.05321969696969697 0.06167846309403438
0 0.5736742424242425 0.08126895854398382 0.06477272727272727 0.06648129423660262
0 0.03617424242424242 0.6124873609706775 0.04734848484848485 0.05965621840242669
0 0.5327651515151515 0.32469666329625885 0.04393939393939394 0.042719919110212334
0 0.8392045454545455 0.3633720930232558 0.054924242424242424 0.05990899898887765
0 0.02149621212121212 0.6953993933265925 0.04261363636363636 0.05358948432760364
0 0.34924242424242424 0.11817492416582406 0.07424242424242425 0.08468149646107179
0 0.2606060606060606 0.8312689585439839 0.03409090909090909 0.03260869565217391
0 0.8536931818181818 0.8296258847320526 0.05056818181818182 0.056622851365015166
0 0.42916666666666664 0.9275783619817998 0.035227272727272725 0.03210313447927199
0 0.3646780303030303 0.7805864509605662 0.03731060606060606 0.041456016177957536
0 0.5741477272727272 0.012007077856420627 0.05246212121212121 0.024014155712841254