0 0.562405303030303 0.580005055611729 0.05700757575757576 0.05990899898887765
0 0.8041666666666667 0.7632709807886754 0.06287878787878788 0.06547017189079879
0 0.42490530303030305 0.5845551061678463 0.055492424242424246 0.05889787664307381
0 0.7393939393939394 0.3028311425682508 0.03446969696969697 0.034378159757330634
0 0.7599431818181818 0.6151415571284126 0.05928030303030303 0.05889787664307381
0 0.6952651515151516 0.13346814964610718 0.025 0.02578361981799798
0 0.2285037878787879 0.45778564206268957 0.04640151515151515 0.04903943377148635
0 0.07746212121212122 0.356041456016178 0.037121212121212124 0.04019211324570273
0 0.5763257575757575 0.11804853387259859 0.02803030303030303 0.024772497472194135
0 0.4702651515151515 0.481041456016178 0.05265151515151515 0.050050556117290194
0 0.020359848484848484 0.7970171890798786 0.04071969696969697 0.04499494438827098
0 0.9099431818181818 0.16911021233569262 0.026325757575757575 0.02679474216380182
0 0.3119318181818182 0.043478260869565216 0.02803030303030303 0.0262891809908999
0 0.9339962121212121 0.09567745197168857 0.025946969696969698 0.025025278058645097
0 0.4493371212121212 0.20538422649140545 0.033522727272727273 0.029069767441860465
0 0.34488636363636366 0.11059150657229525 0.029166666666666667 0.03058645096056623
0 0.5914772727272727 0.5274266936299292 0.05 0.0467644084934277
0 0.038825757575757576 0.24570273003033366 0.02878787878787879 0.0262891809908999
0 0.274905303030303 0.20917593528816986 0.044886363636363634 0.04221435793731042
0 0.17490530303030302 0.17467138523761375 0.027462121212121212 0.029828109201213347
0 0.37452651515151514 0.1454752275025278 0.026704545454545453 0.02704752275025278
0 0.3627840909090909 0.6953993933265925 0.06041666666666667 0.06117290192113246
0 0.16846590909090908 0.26744186046511625 0.04109848484848485 0.03943377148634985
0 0.09005681818181818 0.2076592517694641 0.03465909090909091 0.03361981799797775
0 0.4041666666666667 0.14446410515672398 0.024242424242424242 0.023508594539939334
0 0.6148674242424242 0.07153690596562184 0.033522727272727273 0.032355915065722954
0 0.6004734848484848 0.3096562184024267 0.03579545454545455 0.04044489383215369
0 0.2618371212121212 0.4076086956521739 0.05890151515151515 0.05535894843276037
0 0.7131628787878788 0.10743174924165824 0.02784090909090909 0.023761375126390292
0 0.6606060606060606 0.23774014155712841 0.03636363636363636 0.041708796764408494
0 0.43863636363636366 0.15963094034378159 0.03106060606060606 0.02704752275025278
0 0.6553030303030303 0.0525783619817998 0.020454545454545454 0.016177957532861477
0 0.3950757575757576 0.09428715874620829 0.029166666666666667 0.024772497472194135
0 0.6125946969696969 0.13827098078867542 0.029734848484848486 0.03842264914054601
0 0.5379734848484848 0.06888270980788676 0.023674242424242424 0.024519716885743174
0 0.054924242424242424 0.2812184024266936 0.038636363636363635 0.03816986855409504
0 0.2604166666666667 0.1552072800808898 0.03636363636363636 0.029322548028311426
0 0.6684659090909091 0.1064206268958544 0.023295454545454546 0.023761375126390292
0 0.3716856060606061 0.833923154701719 0.07443181818181818 0.07633973710819009
0 0.5565340909090909 0.09201213346814964 0.023674242424242424 0.022244691607684528
0 0.975 0.6991911021233569 0.05 0.05965621840242669
0 0.32973484848484846 0.19527300303336703 0.041666666666666664 0.0371587462082912
0 0.6430871212121212 0.18238119312436804 0.03920454545454546 0.04474216380182002
0 0.5997159090909091 0.2186552072800809 0.03579545454545455 0.043478260869565216
0 0.07518939393939394 0.4138018200202224 0.0375 0.038928210313447925
0 0.6920454545454545 0.2780586450960566 0.038257575757575754 0.03538928210313448
0 0.14895833333333333 0.10844287158746209 0.027462121212121212 0.027300303336703743
0 0.6393939393939394 0.12171385237613751 0.020075757575757577 0.019969666329625886
0 0.5140151515151515 0.8369565217391305 0.033712121212121214 0.03741152679474216
0 0.715814393939394 0.22105662285136501 0.02784090909090909 0.0275530839231547
0 0.23134469696969698 0.10439838220424671 0.02215909090909091 0.019716885743174924
0 0.10634469696969696 0.1635490394337715 0.021780303030303032 0.020222446916076844
0 0.4752840909090909 0.17113245702730032 0.030871212121212122 0.029828109201213347
0 0.7399621212121212 0.06938827098078867 0.02537878787878788 0.023508594539939334
0 0.9452651515151516 0.8987613751263903 0.04659090909090909 0.05030333670374115
0 0.11827651515151515 0.06648129423660262 0.023295454545454546 0.022244691607684528
0 0.778125 0.2986602628918099 0.024431818181818183 0.02148634984833165
0 0.06448863636363636 0.4982305358948433 0.030871212121212122 0.03134479271991911
0 0.10350378787878788 0.28096562184024265 0.040340909090909094 0.03614762386248736
0 0.21827651515151514 0.134479271991911 0.024053030303030302 0.02578361981799798
0 0.7952651515151515 0.21764408493427706 0.029166666666666667 0.03083923154701719
0 0.6198863636363636 0.02704752275025278 0.023106060606060606 0.023255813953488372
0 0.19914772727272728 0.019590495449949445 0.021022727272727273 0.023508594539939334
0 0.25823863636363636 0.12247219413549039 0.03465909090909091 0.03008088978766431
0 0.7116477272727273 0.3379676440849343 0.029356060606060608 0.03185035389282103
0 0.5150568181818181 0.09112740141557128 0.023674242424242424 0.018452982810920122
0 0.1777462121212121 0.10970677451971689 0.03314393939393939 0.03538928210313448
0 0.7924242424242425 0.2776794742163802 0.020833333333333332 0.01693629929221436
0 0.035606060606060606 0.20740647118301314 0.03068181818181818 0.02300303336703741
0 0.07651515151515151 0.10477755308392316 0.032196969696969696 0.025530839231547017
0 0.3231060606060606 0.23799292214357937 0.03598484848484849 0.03816986855409504
0 0.31278409090909093 0.1385237613751264 0.029734848484848486 0.025278058645096056
0 0.21581439393939394 0.06471183013144591 0.01950757575757576 0.017189079878665317
0 0.7295454545454545 0.1769464105156724 0.02537878787878788 0.02275025278058645
0 0.21723484848484848 0.043099089989888775 0.021212121212121213 0.01744186046511628
0 0.6680871212121212 0.07166329625884732 0.020265151515151514 0.016430738119312435
0 0.9007575757575758 0.13435288169868553 0.04090909090909091 0.03564206268958544
0 0.6652462121212122 0.3313953488372093 0.03314393939393939 0.029322548028311426
0 0.11041666666666666 0.5001263902932255 0.042045454545454546 0.041708796764408494
0 0.04005681818181818 0.36969160768452985 0.022537878787878787 0.02249747219413549
0 0.5666666666666667 0.0532103134479272 0.032196969696969696 0.03008088978766431
0 0.1797348484848485 0.06660768452982811 0.023863636363636365 0.019969666329625886
0 0.334375 0.49658746208291205 0.05473484848484848 0.05333670374115268
0 0.9797348484848485 0.2800808897876643 0.023863636363636365 0.023761375126390292
0 0.453125 0.05131445904954499 0.03617424242424242 0.03286147623862487
0 0.011079545454545455 0.6100859453993933 0.02215909090909091 0.046258847320525785
0 0.05293560606060606 0.08152173913043478 0.027083333333333334 0.024014155712841254
0 0.14403409090909092 0.20980788675429726 0.03579545454545455 0.03083923154701719
0 0.00946969696969697 0.22712335692618807 0.01893939393939394 0.028058645096056625
0 0.34403409090909093 0.04739635995955511 0.024053030303030302 0.02704752275025278
0 0.047821969696969696 0.157103134479272 0.03049242424242424 0.03008088978766431
0 0.8866477272727272 0.1956521739130435 0.027083333333333334 0.027300303336703743
0 0.4838068181818182 0.32381193124368046 0.04147727272727273 0.03538928210313448
0 0.3254734848484849 0.1621587462082912 0.02481060606060606 0.020980788675429726
0 0.4961174242424242 0.05649646107178968 0.017234848484848485 0.0179474216380182
0 0.8015151515151515 0.3222952477249747 0.037121212121212124 0.0358948432760364
0 0.11818181818181818 0.37967644084934277 0.04090909090909091 0.0455005055611729
0 0.1493371212121212 0.33645096056622853 0.04412878787878788 0.041456016177957536
0 0.8013257575757575 0.12323053589484327 0.025757575757575757 0.0275530839231547
0 0.13655303030303031 0.5982052578361982 0.03674242424242424 0.041708796764408494
0 0.7979166666666667 0.35730535894843274 0.03333333333333333 0.03159757330637007
0 0.8984848484848484 0.09201213346814964 0.023863636363636365 0.025278058645096056
0 0.25359848484848485 0.08998988877654196 0.019318181818181818 0.01820020222446916
0 0.13759469696969698 0.16632962588473205 0.03125 0.03387259858442872
0 0.4341856060606061 0.1308139534883721 0.022537878787878787 0.02199191102123357
0 0.9523674242424243 0.12398887765419615 0.024053030303030302 0.02199191102123357
0 0.903314393939394 0.23546511627906977 0.03276515151515152 0.03210313447927199
0 0.49166666666666664 0.03260869565217391 0.01818181818181818 0.016177957532861477
0 0.32007575757575757 0.08164812942366026 0.02727272727272727 0.0262891809908999
0 0.5129734848484848 0.06761880687563195 0.017234848484848485 0.02199191102123357
0 0.23664772727272726 0.6114762386248737 0.03125 0.033367037411526794
0 0.9902462121212121 0.21334681496461072 0.01950757575757576 0.027300303336703743
0 0.5277462121212121 0.01744186046511628 0.03125 0.023761375126390292
0 0.6273674242424242 0.7196663296258847 0.058143939393939394 0.057633973710819006
0 0.03939393939393939 0.5740647118301314 0.03674242424242424 0.04095045500505561
0 0.8833333333333333 0.5616784630940344 0.03333333333333333 0.03640040444893832
0 0.2059659090909091 0.41582406471183014 0.04602272727272727 0.04903943377148635
0 0.23844696969696969 0.05548533872598584 0.017424242424242425 0.02148634984833165
0 0.16524621212121213 0.9799039433771486 0.06079545454545455 0.03918099089989889
0 0.737405303030303 0.7939838220424671 0.033901515151515155 0.038928210313447925
0 0.8606060606060606 0.6888270980788676 0.03257575757575758 0.03842264914054601
0 0.23958333333333334 0.6837714863498483 0.03295454545454545 0.03488372093023256
0 0.41581439393939396 0.23306370070778565 0.024053030303030302 0.02275025278058645
0 0.9860795454545455 0.13928210313447928 0.02784090909090909 0.028311425682507583
0 0.40596590909090907 0.11754297269969666 0.022916666666666665 0.021739130434782608
0 0.3253787878787879 0.5754550050556118 0.03143939393939394 0.034125379170879676
0 0.600094696969697 0.03766430738119313 0.016856060606060607 0.01820020222446916
0 0.6928977272727272 0.04120323559150657 0.019128787878787877 0.01820020222446916
0 0.9456439393939394 0.18238119312436804 0.026893939393939394 0.024014155712841254
0 0.22992424242424242 0.2570778564206269 0.025 0.024772497472194135
0 0.2021780303030303 0.2319261880687563 0.02821969696969697 0.023508594539939334
0 0.36543560606060604 0.06761880687563195 0.029734848484848486 0.025530839231547017
0 0.8602272727272727 0.12575834175935288 0.03333333333333333 0.03665318503538928
0 0.9589962121212121 0.3403690596562184 0.029356060606060608 0.03361981799797775
0 0.010606060606060607 0.25669868554095043 0.021212121212121213 0.03564206268958544
0 0.7611742424242425 0.24191102123356925 0.03106060606060606 0.03185035389282103
0 0.29668560606060607 0.6261375126390293 0.05397727272727273 0.05712841253791709
0 0.7668560606060606 0.08784125379170879 0.020454545454545454 0.018452982810920122
0 0.7416666666666667 0.1103387259858443 0.020075757575757577 0.0179474216380182
0 0.03399621212121212 0.43301314459049545 0.029356060606060608 0.03185035389282103
0 0.36022727272727273 0.5650910010111223 0.035227272727272725 0.041708796764408494
0 0.12831439393939395 0.2512639029322548 0.023295454545454546 0.023761375126390292
0 0.7696969696969697 0.20273003033367037 0.020454545454545454 0.01769464105156724
0 0.9872159090909091 0.36387765419615775 0.023674242424242424 0.029575328614762385
0 0.9895833333333334 0.6056622851365016 0.020454545454545454 0.03185035389282103
0 0.6181818181818182 0.00467644084934277 0.02196969696969697 0.00935288169868554
0 0.9388257575757576 0.2665571284125379 0.024242424242424242 0.019464105156723963
0 0.7361742424242425 0.14180990899898888 0.026136363636363635 0.025278058645096056
0 0.8038825757575757 0.061046511627906974 0.02518939393939394 0.020475227502527806
0 0.5920454545454545 0.09112740141557128 0.017803030303030303 0.0179474216380182
0 0.9267045454545455 0.6531850353892821 0.03674242424242424 0.036905965621840245
0 0.9057765151515151 0.2901921132457027 0.02821969696969697 0.03286147623862487
0 0.19706439393939393 0.1519211324570273 0.02481060606060606 0.024266936299292215
0 0.18380681818181818 0.04385743174924166 0.017613636363636363 0.01289180990899899
0 0.315625 0.27869059656218403 0.026325757575757575 0.02300303336703741