0 0.0715909090909091 0.5813953488372093 0.04696969696969697 0.04954499494438827
0 0.21723484848484848 0.4436299292214358 0.07083333333333333 0.0717896865520728
0 0.9275568181818182 0.5137765419615774 0.026704545454545453 0.028058645096056625
0 0.4321969696969697 0.8168604651162791 0.051515151515151514 0.04979777553083923
0 0.359375 0.02249747219413549 0.05473484848484848 0.04499494438827098
0 0.1434659090909091 0.59340242669363 0.055492424242424246 0.05738119312436805
0 0.19147727272727272 0.5257836198179979 0.05757575757575758 0.06016177957532862
0 0.9652462121212121 0.030207280080889787 0.04981060606060606 0.051820020222446916
0 0.9285037878787878 0.1821284125379171 0.06117424242424242 0.06193124368048534
0 0.9160037878787879 0.5885995955510617 0.028977272727272727 0.029069767441860465
0 0.4277462121212121 0.14269464105156723 0.05284090909090909 0.05889787664307381
0 0.26704545454545453 0.7473458038422649 0.058333333333333334 0.056875631951466124
0 0.18153409090909092 0.9351617795753286 0.05321969696969697 0.05990899898887765
0 0.8116477272727273 0.22080384226491406 0.058522727272727275 0.06547017189079879
0 0.10833333333333334 0.7645348837209303 0.03598484848484849 0.041708796764408494
0 0.19706439393939393 0.5855662285136501 0.04602272727272727 0.048281092012133466
0 0.17831439393939394 0.6515419615773509 0.058522727272727275 0.05637007077856421
0 0.015056818181818182 0.15912537917087968 0.030113636363636363 0.051820020222446916
0 0.07613636363636364 0.9221435793731041 0.048863636363636366 0.051061678463094035
0 0.42954545454545456 0.4503286147623862 0.04659090909090909 0.04373104145601618
0 0.9604166666666667 0.35629423660262893 0.03939393939393939 0.03918099089989889
0 0.9429924242424242 0.605788675429727 0.027651515151515153 0.03008088978766431
0 0.09176136363636364 0.07987866531850354 0.04715909090909091 0.05358948432760364
0 0.41704545454545455 0.21246208291203236 0.05037878787878788 0.04878665318503539
0 0.3452651515151515 0.7462082912032356 0.048863636363636366 0.0525783619817998
0 0.013257575757575758 0.9146865520728008 0.026515151515151516 0.05333670374115268
0 0.5894886363636364 0.32848837209302323 0.05700757575757576 0.05333670374115268
0 0.7732954545454546 0.2946157735085945 0.05 0.05535894843276037
0 0.071875 0.4883720930232558 0.07026515151515152 0.07381193124368049
0 0.9179924242424242 0.9213852376137512 0.05075757575757576 0.06622851365015167
0 0.6984848484848485 0.16241152679474216 0.048863636363636366 0.051820020222446916
0 0.014015151515151515 0.42441860465116277 0.02803030303030303 0.050050556117290194
0 0.9256628787878788 0.0794994944388271 0.04071969696969697 0.04373104145601618
0 0.23920454545454545 0.6766936299292214 0.03939393939393939 0.04196157735085945
0 0.6417613636363636 0.8883973710819009 0.03768939393939394 0.03816986855409504
0 0.011458333333333333 0.08442871587462084 0.022916666666666665 0.043478260869565216
0 0.9904356060606061 0.3388523761375126 0.01875 0.03008088978766431
0 0.8775568181818182 0.5503033367037411 0.025946969696969698 0.0262891809908999
0 0.13797348484848485 0.39320020222446916 0.05965909090909091 0.055864509605662284
0 0.8838068181818182 0.04600606673407482 0.05473484848484848 0.052072800808897875
0 0.012878787878787878 0.7765419615773509 0.025757575757575757 0.04095045500505561
0 0.06505681818181819 0.13991405460060669 0.05435606060606061 0.05889787664307381
0 0.38579545454545455 0.47535389282103135 0.04015151515151515 0.04373104145601618
0 0.9770833333333333 0.12398887765419615 0.045454545454545456 0.05990899898887765
0 0.9349431818181818 0.9791456016177957 0.042234848484848486 0.03918099089989889
0 0.737405303030303 0.6519211324570273 0.042234848484848486 0.03741152679474216
0 0.48522727272727273 0.6970424671385238 0.05037878787878788 0.05990899898887765
0 0.8392045454545455 0.15495449949443882 0.04696969696969697 0.050050556117290194
0 0.21240530303030303 0.8411274014155713 0.03314393939393939 0.03260869565217391
0 0.681155303030303 0.6898382204246714 0.032007575757575756 0.03538928210313448
0 0.48475378787878787 0.38169868554095043 0.038825757575757576 0.0455005055611729
0 0.7735795454545454 0.3666582406471183 0.05928030303030303 0.06294236602628918
0 0.016098484848484848 0.2856420626895854 0.032196969696969696 0.0525783619817998
0 0.4603219696969697 0.7632709807886754 0.03465909090909091 0.0442366026289181
0 0.496875 0.6253791708796764 0.048295454545454544 0.050050556117290194
0 0.6963068181818182 0.04082406471183013 0.04678030303030303 0.05889787664307381
0 0.356155303030303 0.8373356926188069 0.035416666666666666 0.03816986855409504
0 0.6870265151515151 0.3456774519716886 0.06458333333333334 0.06900910010111223
0 0.3039772727272727 0.78551567239636 0.035227272727272725 0.042719919110212334
0 0.9827651515151515 0.24469160768452983 0.03446969696969697 0.06774519716885744
0 0.5535037878787878 0.8024519716885743 0.03920454545454546 0.040697674418604654
0 0.1640151515151515 0.009605662285136502 0.029166666666666667 0.019211324570273004
0 0.4018939393939394 0.26327098078867545 0.029924242424242423 0.03260869565217391