0 0.9316287878787879 0.6356167846309403 0.04393939393939394 0.04777553083923155
0 0.15852272727272726 0.10300808897876643 0.04696969696969697 0.05030333670374115
0 0.11098484848484849 0.13005561172901922 0.051893939393939395 0.05990899898887765
0 0.2773674242424242 0.6289180990899899 0.051704545454545454 0.05813953488372093
0 0.08522727272727272 0.5451213346814965 0.045454545454545456 0.047269969666329625
0 0.059185606060606064 0.3929474216380182 0.055492424242424246 0.05637007077856421
0 0.6307765151515151 0.3449191102123357 0.04753787878787879 0.051820020222446916
0 0.02168560606060606 0.28235591506572294 0.042234848484848486 0.06420626895854398
0 0.018465909090909092 0.7932254802831142 0.036931818181818184 0.055611729019211326
0 0.07026515151515152 0.23243174924165824 0.051515151515151514 0.05333670374115268
0 0.10852272727272727 0.6474974721941354 0.04962121212121212 0.05333670374115268
0 0.8698863636363636 0.3569261880687563 0.04696969696969697 0.0551061678463094
0 0.15918560606060606 0.1672143579373104 0.04753787878787879 0.050808897876643076
0 0.1009469696969697 0.0659757330637007 0.05795454545454545 0.055611729019211326
0 0.12433712121212122 0.7947421638018201 0.052083333333333336 0.05409504550050556
0 0.8444128787878787 0.23281092012133467 0.04412878787878788 0.046511627906976744
0 0.981439393939394 0.6929979777553084 0.037121212121212124 0.050808897876643076
0 0.04365530303030303 0.17846309403437816 0.042234848484848486 0.0455005055611729
0 0.015909090909090907 0.7451971688574317 0.031818181818181815 0.038928210313447925
0 0.6216856060606061 0.5932760364004045 0.05473484848484848 0.0551061678463094
0 0.165625 0.7604903943377148 0.04753787878787879 0.04979777553083923
0 0.13607954545454545 0.22598584428715873 0.05321969696969697 0.05915065722952477
0 0.6767045454545455 0.41759352881698686 0.03674242424242424 0.03993933265925177
0 0.5410037878787879 0.02666835187057634 0.05738636363636364 0.05333670374115268
0 0.8747159090909091 0.7905712841253791 0.038825757575757576 0.04120323559150657
0 0.5436553030303031 0.7716127401415571 0.048295454545454544 0.05283114256825076
0 0.8254734848484848 0.04815470171890799 0.03806818181818182 0.04373104145601618
0 0.5890151515151515 0.9001516683518705 0.03295454545454545 0.0358948432760364
0 0.32850378787878787 0.121840242669363 0.05397727272727273 0.0551061678463094
0 0.3236742424242424 0.038296258847320526 0.03787878787878788 0.040697674418604654
0 0.8761363636363636 0.15583923154701718 0.03333333333333333 0.0346309403437816
0 0.33702651515151516 0.7435540950455005 0.0509469696969697 0.05283114256825076
0 0.578314393939394 0.2218149646107179 0.05738636363636364 0.05637007077856421
0 0.2684659090909091 0.024014155712841254 0.055113636363636365 0.04802831142568251
0 0.2418560606060606 0.19919110212335692 0.06136363636363636 0.0717896865520728
0 0.46136363636363636 0.9153185035389282 0.03295454545454545 0.03741152679474216
0 0.21543560606060605 0.2987866531850354 0.03579545454545455 0.03640040444893832
0 0.7854166666666667 0.11501516683518706 0.042045454545454546 0.04499494438827098
0 0.29990530303030305 0.4201213346814965 0.051704545454545454 0.05611729019211325
0 0.2365530303030303 0.8307633973710818 0.045075757575757575 0.04929221435793731
0 0.15492424242424244 0.8799292214357938 0.05454545454545454 0.0525783619817998
0 0.014867424242424243 0.1430738119312437 0.029734848484848486 0.050050556117290194
0 0.943655303030303 0.5585187057633973 0.04147727272727273 0.046258847320525785
0 0.5680871212121212 0.1678463094034378 0.051704545454545454 0.04903943377148635
0 0.4109848484848485 0.407103134479272 0.04734848484848485 0.046258847320525785
0 0.4588068181818182 0.9838220424671386 0.04299242424242424 0.03134479271991911
0 0.47632575757575757 0.3507330637007078 0.05265151515151515 0.05889787664307381
0 0.24422348484848486 0.5083417593528817 0.05473484848484848 0.05409504550050556
0 0.2741477272727273 0.3514914054600607 0.05965909090909091 0.06294236602628918
0 0.837594696969697 0.12929726996966634 0.03768939393939394 0.0346309403437816
0 0.30511363636363636 0.5101112234580384 0.03257575757575758 0.03488372093023256
0 0.9478219696969697 0.09593023255813954 0.035037878787878785 0.03614762386248736
0 0.18484848484848485 0.5511880687563195 0.05265151515151515 0.05839231547017189
0 0.12670454545454546 0.28501011122345804 0.051515151515151514 0.04777553083923155
0 0.9327651515151515 0.15419615773508594 0.03636363636363636 0.03387259858442872
0 0.9357954545454545 0.8865015166835187 0.03939393939393939 0.04853387259858443
0 0.7920454545454545 0.5745702730030333 0.043560606060606064 0.050050556117290194
0 0.6295454545454545 0.2517694641051567 0.03977272727272727 0.044489383215369056
0 0.23399621212121213 0.5950455005055612 0.05435606060606061 0.055611729019211326
0 0.759375 0.15912537917087968 0.04147727272727273 0.047269969666329625
0 0.4390151515151515 0.131319514661274 0.048863636363636366 0.050808897876643076
0 0.5722537878787879 0.08923154701718908 0.03617424242424242 0.03741152679474216
0 0.3522727272727273 0.38056117290192115 0.0428030303030303 0.047269969666329625
0 0.1877840909090909 0.2666835187057634 0.05359848484848485 0.050050556117290194
0 0.14081439393939393 0.451845298281092 0.05473484848484848 0.06294236602628918
0 0.05861742424242424 0.7483569261880687 0.04299242424242424 0.04322548028311426
0 0.8791666666666667 0.12158746208291203 0.026893939393939394 0.027300303336703743
0 0.5436553030303031 0.6244944388270981 0.05284090909090909 0.05637007077856421
0 0.7284090909090909 0.35806370070778565 0.04696969696969697 0.05434782608695652
0 0.3706439393939394 0.054853387259858444 0.029166666666666667 0.03286147623862487
0 0.8874053030303031 0.4972194135490394 0.032007575757575756 0.03538928210313448
0 0.5777462121212121 0.44527300303336703 0.03768939393939394 0.047269969666329625
0 0.01628787878787879 0.5553589484327603 0.03257575757575758 0.0429726996966633
0 0.2409090909090909 0.13106673407482305 0.05568181818181818 0.050808897876643076
0 0.44365530303030304 0.2735085945399393 0.03806818181818182 0.04095045500505561
0 0.8934659090909091 0.2780586450960566 0.04071969696969697 0.04196157735085945
0 0.6354166666666666 0.779196157735086 0.06363636363636363 0.05535894843276037
0 0.6111742424242425 0.7264914054600606 0.032196969696969696 0.032355915065722954
0 0.5106060606060606 0.1346056622851365 0.04621212121212121 0.046258847320525785
0 0.9860795454545455 0.5434782608695652 0.02784090909090909 0.034378159757330634
0 0.5640151515151515 0.2665571284125379 0.03295454545454545 0.03766430738119313
0 0.765435606060606 0.4670121334681496 0.03617424242424242 0.03918099089989889
0 0.16704545454545455 0.36804853387259856 0.04583333333333333 0.051061678463094035
0 0.41382575757575757 0.9704246713852376 0.06136363636363636 0.05712841253791709
0 0.4895833333333333 0.7167593528816987 0.05037878787878788 0.046258847320525785
0 0.5107954545454545 0.49254297269969666 0.05416666666666667 0.051820020222446916
0 0.4837121212121212 0.5878412537917088 0.03674242424242424 0.03918099089989889
0 0.5047348484848485 0.22055106167846308 0.0446969696969697 0.0467644084934277
0 0.11202651515151515 0.9786400404448938 0.0509469696969697 0.04120323559150657
0 0.809564393939394 0.18503538928210314 0.042234848484848486 0.04499494438827098
0 0.6976325757575758 0.22282608695652173 0.055492424242424246 0.054853387259858444
0 0.8893939393939394 0.439206268958544 0.05643939393939394 0.05738119312436805
0 0.5638257575757576 0.31648129423660265 0.025 0.03083923154701719
0 0.3861742424242424 0.6032608695652174 0.045075757575757575 0.0442366026289181
0 0.6357954545454545 0.13801820020222447 0.03901515151515152 0.043478260869565216
0 0.41515151515151516 0.650530839231547 0.03446969696969697 0.03918099089989889
0 0.23380681818181817 0.8818250758341759 0.04147727272727273 0.048281092012133466
0 0.6267045454545455 0.4365520728008089 0.032196969696969696 0.03083923154701719
0 0.034375 0.4580384226491405 0.030871212121212122 0.034378159757330634
0 0.9204545454545454 0.38056117290192115 0.04924242424242424 0.050808897876643076
0 0.3214962121212121 0.20652173913043478 0.04450757575757576 0.04600606673407482
0 0.02196969696969697 0.8892821031344793 0.043560606060606064 0.04701718907987867
0 0.17670454545454545 0.037285136501516686 0.06742424242424243 0.07457027300303337
0 0.11420454545454546 0.3546511627906977 0.03636363636363636 0.04398382204246714
0 0.21723484848484848 0.4580384226491405 0.05416666666666667 0.06016177957532862
0 0.3606060606060606 0.4987360970677452 0.03901515151515152 0.03741152679474216
0 0.637689393939394 0.8274772497472194 0.037121212121212124 0.03564206268958544
0 0.23617424242424243 0.6993174924165824 0.07234848484848484 0.07962588473205258
0 0.703219696969697 0.6759352881698686 0.02803030303030303 0.03083923154701719
0 0.4088068181818182 0.5490394337714863 0.04337121212121212 0.04600606673407482
0 0.6836174242424242 0.28538928210313447 0.045265151515151515 0.05055611729019211
0 0.4265151515151515 0.8648887765419616 0.04583333333333333 0.048281092012133466
0 0.17897727272727273 0.9419868554095046 0.048484848484848485 0.05333670374115268
0 0.8352272727272727 0.4196157735085945 0.04772727272727273 0.05156723963599596
0 0.6101325757575757 0.4914054600606673 0.06534090909090909 0.06066734074823053
0 0.17897727272727273 0.8335439838220424 0.055303030303030305 0.05283114256825076
0 0.9642992424242425 0.4963346814964611 0.03731060606060606 0.046258847320525785
0 0.08759469696969698 0.9017947421638018 0.03276515151515152 0.03361981799797775
0 0.06041666666666667 0.9273255813953488 0.04318181818181818 0.0442366026289181
0 0.39365530303030305 0.3507330637007078 0.044886363636363634 0.041708796764408494
0 0.41770833333333335 0.1897118301314459 0.05625 0.05990899898887765
0 0.8287878787878787 0.30308392315470173 0.03636363636363636 0.03640040444893832
0 0.3515151515151515 0.9146865520728008 0.06704545454545455 0.07608695652173914
0 0.4928030303030303 0.014914054600606673 0.0446969696969697 0.029828109201213347
0 0.4912878787878788 0.8683013144590496 0.02803030303030303 0.03185035389282103
0 0.6142045454545455 0.9777553083923155 0.059848484848484845 0.04398382204246714
0 0.8555871212121212 0.5339989888776542 0.05056818181818182 0.051820020222446916
0 0.7739583333333333 0.8244438827098078 0.04943181818181818 0.050808897876643076
0 0.041193181818181816 0.6592517694641051 0.05056818181818182 0.054600606673407485
0 0.41240530303030304 0.7281344792719919 0.03314393939393939 0.03361981799797775
0 0.9276515151515151 0.7536653185035389 0.06212121212121212 0.056875631951466124
0 0.7383522727272728 0.29309908998988876 0.04109848484848485 0.046258847320525785
0 0.7100378787878788 0.043099089989888775 0.03787878787878788 0.03816986855409504
0 0.7039772727272727 0.4625884732052578 0.053409090909090906 0.04903943377148635
0 0.8475378787878788 0.6036400404448938 0.058333333333333334 0.06167846309403438
0 0.6059659090909091 0.8632457027300303 0.03314393939393939 0.03842264914054601
0 0.30047348484848485 0.24507077856420628 0.03049242424242424 0.033114256825075836
0 0.903314393939394 0.6754297269969667 0.04375 0.04600606673407482
0 0.45738636363636365 0.0801314459049545 0.0428030303030303 0.04802831142568251
0 0.7785984848484848 0.05131445904954499 0.037121212121212124 0.04196157735085945
0 0.43134469696969696 0.7650404448938322 0.030871212121212122 0.03159757330637007
0 0.22168560606060606 0.3957280080889788 0.04715909090909091 0.046258847320525785
0 0.011458333333333333 0.05232558139534884 0.022916666666666665 0.03488372093023256
0 0.4321969696969697 0.4544994944388271 0.03446969696969697 0.03488372093023256
0 0.3613636363636364 0.9833164812942367 0.03901515151515152 0.032355915065722954
0 0.07632575757575757 0.8576845298281092 0.03977272727272727 0.044489383215369056
0 0.5809659090909091 0.6811172901921132 0.03920454545454546 0.03816986855409504
0 0.34081439393939394 0.3345551061678463 0.038446969696969695 0.04929221435793731
0 0.8041666666666667 0.33859959555106167 0.04583333333333333 0.04878665318503539
0 0.33181818181818185 0.6256319514661274 0.04696969696969697 0.0429726996966633
0 0.850284090909091 0.856041456016178 0.04715909090909091 0.050808897876643076
0 0.6680871212121212 0.5209807886754297 0.045265151515151515 0.04398382204246714