0 0.030965909090909093 0.4643579373104146 0.048674242424242425 0.05813953488372093
0 0.6240530303030303 0.17012133468149646 0.07803030303030303 0.07836198179979778
0 0.11524621212121212 0.2776794742163802 0.050189393939393936 0.05535894843276037
0 0.08920454545454545 0.9440091001011123 0.03636363636363636 0.04575328614762386
0 0.681344696969697 0.971562184024267 0.05473484848484848 0.055864509605662284
0 0.02225378787878788 0.12285136501516683 0.04450757575757576 0.06471183013144591
0 0.8357954545454546 0.7831142568250758 0.04772727272727273 0.04903943377148635
0 0.07206439393939394 0.6430738119312437 0.058143939393939394 0.06167846309403438
0 0.306155303030303 0.7417846309403437 0.06988636363636364 0.07709807886754297
0 0.5175189393939394 0.5232558139534884 0.05928030303030303 0.06319514661274014
0 0.019128787878787877 0.21195652173913043 0.03787878787878788 0.06496461071789686
0 0.3302083333333333 0.16304347826086957 0.06875 0.07381193124368049
0 0.02850378787878788 0.3345551061678463 0.04943181818181818 0.051820020222446916
0 0.32395833333333335 0.2833670374115268 0.05284090909090909 0.05308392315470172
0 0.4192234848484849 0.49469160768452985 0.051704545454545454 0.054600606673407485
0 0.5902462121212121 0.8441607684529828 0.07026515151515152 0.0659757330637007
0 0.4646780303030303 0.7354651162790697 0.0509469696969697 0.05131445904954499
0 0.9734848484848485 0.041708796764408494 0.05265151515151515 0.05712841253791709
0 0.9770833333333333 0.9793983822042467 0.045454545454545456 0.040697674418604654
0 0.21022727272727273 0.30851870576339735 0.07727272727272727 0.0801314459049545
0 0.8752840909090909 0.09858442871587463 0.05473484848484848 0.06268958543983821
0 0.42935606060606063 0.16177957532861476 0.0625 0.06622851365015167
0 0.14299242424242425 0.13144590495449948 0.06515151515151515 0.07583417593528817
0 0.21240530303030303 0.05409504550050556 0.05397727272727273 0.05358948432760364
0 0.1021780303030303 0.45652173913043476 0.05587121212121212 0.052072800808897875
0 0.23323863636363637 0.22194135490394337 0.07443181818181818 0.0692618806875632
0 0.1318181818181818 0.9130434782608695 0.04393939393939394 0.0455005055611729
0 0.39886363636363636 0.8168604651162791 0.056818181818181816 0.060414560161779575
0 0.21202651515151516 0.11956521739130435 0.04071969696969697 0.04701718907987867
0 0.5695075757575757 0.3186299292214358 0.06477272727272727 0.0609201213346815
0 0.5900568181818182 0.11324570273003033 0.03806818181818182 0.04398382204246714
0 0.7726325757575757 0.08493427704752275 0.05965909090909091 0.05358948432760364
0 0.4565340909090909 0.9661274014155713 0.05473484848484848 0.06016177957532862
0 0.011268939393939394 0.5314711830131446 0.022537878787878787 0.047269969666329625
0 0.05899621212121212 0.5118806875631952 0.029356060606060608 0.03741152679474216
0 0.11496212121212121 0.3583164812942366 0.04962121212121212 0.051820020222446916
0 0.33361742424242424 0.8034630940343782 0.0509469696969697 0.047269969666329625
0 0.010416666666666666 0.8056117290192113 0.020833333333333332 0.04044489383215369
0 0.578125 0.6512891809908999 0.07784090909090909 0.09479271991911022
0 0.6329545454545454 0.5858190091001011 0.03977272727272727 0.047269969666329625
0 0.010416666666666666 0.7517694641051568 0.020833333333333332 0.0429726996966633
0 0.16221590909090908 0.01769464105156724 0.042234848484848486 0.03538928210313448
0 0.534375 0.018958543983822043 0.06268939393939393 0.037917087967644085
0 0.014015151515151515 0.7013397371081901 0.02803030303030303 0.054853387259858444
0 0.9678030303030303 0.8561678463094035 0.06287878787878788 0.07735085945399393
0 0.10293560606060606 0.5218655207280081 0.06041666666666667 0.070525783619818
0 0.7204545454545455 0.03993933265925177 0.08825757575757576 0.07987866531850354
0 0.1933712121212121 0.7633973710819009 0.06893939393939394 0.06875631951466127
0 0.7008522727272727 0.8516177957532861 0.06231060606060606 0.0621840242669363
0 0.05227272727272727 0.7912032355915066 0.03674242424242424 0.038928210313447925
0 0.22954545454545455 0.612108190091001 0.04962121212121212 0.05637007077856421
0 0.6194128787878788 0.9021739130434783 0.07215909090909091 0.0692618806875632
0 0.7059659090909091 0.1166582406471183 0.05056818181818182 0.059403437815975735
0 0.8184659090909091 0.8650151668351871 0.05284090909090909 0.05055611729019211
0 0.8097537878787879 0.2612487360970677 0.05700757575757576 0.05889787664307381
0 0.3172348484848485 0.4526036400404449 0.06704545454545455 0.06900910010111223
0 0.39829545454545456 0.9264408493427705 0.056818181818181816 0.05813953488372093
0 0.06041666666666667 0.26011122345803844 0.043560606060606064 0.04802831142568251
0 0.04024621212121212 0.8464357937310415 0.05473484848484848 0.07103134479271991
0 0.2831439393939394 0.333417593528817 0.03787878787878788 0.04095045500505561
0 0.22632575757575757 0.49469160768452985 0.05757575757575758 0.05915065722952477
0 0.1481060606060606 0.2076592517694641 0.05795454545454545 0.05990899898887765
0 0.9460227272727273 0.9246713852376137 0.06515151515151515 0.06622851365015167
0 0.4771780303030303 0.4738372093023256 0.05284090909090909 0.05333670374115268
0 0.11647727272727272 0.7750252780586451 0.032196969696969696 0.032355915065722954
0 0.31202651515151514 0.5666076845298281 0.05132575757575757 0.051820020222446916
0 0.9868371212121212 0.13283619817997977 0.026325757575757575 0.04019211324570273
0 0.7553030303030303 0.21878159757330637 0.05606060606060606 0.0609201213346815
0 0.055965909090909094 0.39471688574317493 0.04640151515151515 0.051820020222446916
0 0.09204545454545454 0.20993427704752274 0.0625 0.06900910010111223
0 0.04109848484848485 0.03993933265925177 0.0659090909090909 0.07077856420626896
0 0.5319128787878787 0.5820273003033367 0.03996212121212121 0.042719919110212334
0 0.6354166666666666 0.5369059656218402 0.038257575757575754 0.04600606673407482
0 0.6583333333333333 0.7229524772497472 0.048106060606060604 0.04903943377148635
0 0.42045454545454547 0.7071536905965622 0.05795454545454545 0.05738119312436805
0 0.7399621212121212 0.9115267947421638 0.04734848484848485 0.051061678463094035
0 0.734185606060606 0.6606420626895855 0.04450757575757576 0.046258847320525785
0 0.5357954545454545 0.8039686552072801 0.048106060606060604 0.050808897876643076
0 0.819034090909091 0.339737108190091 0.06761363636363636 0.06875631951466127