0 0.843844696969697 0.3216632962588473 0.07102272727272728 0.07810920121334682
0 0.762594696969697 0.3222952477249747 0.07253787878787879 0.07633973710819009
0 0.24005681818181818 0.3420121334681496 0.05397727272727273 0.05864509605662285
0 0.13787878787878788 0.9397118301314459 0.05303030303030303 0.05990899898887765
0 0.021875 0.5975733063700708 0.04375 0.05813953488372093
0 0.015056818181818182 0.53551567239636 0.030113636363636363 0.04524772497472194
0 0.6731060606060606 0.9173407482305359 0.0625 0.06622851365015167
0 0.540625 0.6887007077856421 0.06912878787878787 0.06799797775530839
0 0.5529356060606061 0.5337462082912032 0.055492424242424246 0.05738119312436805
0 0.4225378787878788 0.2160010111223458 0.05416666666666667 0.05738119312436805
0 0.6472537878787878 0.5813953488372093 0.07481060606060606 0.08341759352881699
0 0.5460227272727273 0.6179221435793731 0.08106060606060606 0.06445904954499494
0 0.4484848484848485 0.44969666329625885 0.054924242424242424 0.05813953488372093
0 0.5841856060606061 0.18870070778564207 0.038825757575757576 0.041708796764408494
0 0.509375 0.9753538928210314 0.06496212121212121 0.048281092012133466
0 0.2487689393939394 0.6768200202224469 0.04337121212121212 0.0442366026289181
0 0.17329545454545456 0.050429726996966635 0.038257575757575754 0.042719919110212334
0 0.1702651515151515 0.6885743174924166 0.05265151515151515 0.055611729019211326
0 0.48087121212121214 0.5130182002022244 0.05643939393939394 0.05990899898887765
0 0.39289772727272726 0.3024519716885743 0.06609848484848485 0.0659757330637007
0 0.8555871212121212 0.8636248736097067 0.06079545454545455 0.07457027300303337
0 0.5823863636363636 0.9031850353892821 0.05757575757575758 0.06066734074823053
0 0.03380681818181818 0.8064964610717897 0.05435606060606061 0.054853387259858444
0 0.029356060606060608 0.19957027300303337 0.05075757575757576 0.048281092012133466
0 0.17234848484848486 0.5222446916076845 0.055303030303030305 0.055611729019211326
0 0.04024621212121212 0.3961071789686552 0.051704545454545454 0.05358948432760364
0 0.9567234848484848 0.9629676440849343 0.06079545454545455 0.07204246713852376
0 0.048484848484848485 0.9833164812942367 0.05113636363636364 0.03286147623862487
0 0.2859848484848485 0.9749747219413549 0.06931818181818182 0.04903943377148635
0 0.0490530303030303 0.2536653185035389 0.05 0.04777553083923155
0 0.9489583333333333 0.4246713852376138 0.038446969696969695 0.03842264914054601
0 0.6588068181818182 0.18288675429726997 0.04071969696969697 0.04524772497472194
0 0.8504734848484848 0.0903690596562184 0.03806818181818182 0.03968655207280081
0 0.07850378787878788 0.2039939332659252 0.045265151515151515 0.051061678463094035
0 0.5245265151515152 0.10679979777553084 0.0509469696969697 0.05788675429726997
0 0.209375 0.11248736097067745 0.055492424242424246 0.06420626895854398
0 0.36666666666666664 0.020348837209302327 0.048863636363636366 0.040697674418604654
0 0.3446969696969697 0.9633468149646107 0.06060606060606061 0.06471183013144591
0 0.1952651515151515 0.9800303336703741 0.051515151515151514 0.038928210313447925
0 0.4113636363636364 0.9734580384226491 0.059848484848484845 0.0525783619817998
0 0.4559659090909091 0.7473458038422649 0.07329545454545454 0.07608695652173914
0 0.02727272727272727 0.9293478260869565 0.05037878787878788 0.05738119312436805
0 0.01571969696969697 0.6975480283114257 0.03143939393939394 0.0634479271991911
0 0.10975378787878788 0.05826592517694641 0.04071969696969697 0.047269969666329625
0 0.016856060606060607 0.30422143579373107 0.033712121212121214 0.05434782608695652
0 0.7238636363636364 0.028690596562184024 0.03901515151515152 0.04878665318503539
0 0.1606060606060606 0.29777553083923153 0.06893939393939394 0.07482305358948432
0 0.20293560606060607 0.7912032355915066 0.06988636363636364 0.0672396359959555
0 0.7630681818181818 0.9833164812942367 0.04696969696969697 0.03286147623862487
0 0.4321969696969697 0.5501769464105156 0.051515151515151514 0.05232558139534884
0 0.9341856060606061 0.7160010111223458 0.035416666666666666 0.0346309403437816
0 0.5622159090909091 0.24266936299292213 0.060037878787878786 0.06622851365015167
0 0.18039772727272727 0.47143579373104144 0.04678030303030303 0.04701718907987867
0 0.12651515151515152 0.35477755308392317 0.05378787878787879 0.05637007077856421
0 0.859375 0.663675429726997 0.03276515151515152 0.035136501516683516
0 0.09384469696969697 0.9356673407482305 0.03958333333333333 0.04019211324570273