0 0.32736742424242427 0.3121840242669363 0.1327651515151515 0.15621840242669363
0 0.05823863636363636 0.667087967644085 0.11647727272727272 0.1511627906976744
0 0.5740530303030303 0.6449696663296259 0.1321969696969697 0.1782103134479272
0 0.21789772727272727 0.40950455005055614 0.1168560606060606 0.141051567239636
0 0.26988636363636365 0.9364256825075834 0.15151515151515152 0.1256319514661274
0 0.8627840909090909 0.43389787664307383 0.11079545454545454 0.12007077856420627
0 0.7847537878787879 0.5644590495449949 0.10359848484848484 0.12082912032355915
0 0.8494318181818182 0.05712841253791709 0.10606060606060606 0.11425682507583418
0 0.8674242424242424 0.6855409504550051 0.10454545454545454 0.11627906976744186
0 0.343655303030303 0.5245197168857432 0.12481060606060607 0.15925176946410516
0 0.8265151515151515 0.848963599595551 0.0946969696969697 0.11198179979777553
0 0.6668560606060606 0.1448432760364004 0.11704545454545455 0.15267947421638017
0 0.9568181818181818 0.8985085945399394 0.08636363636363636 0.10288169868554095
0 0.03721590909090909 0.8009352881698686 0.07443181818181818 0.10490394337714863
0 0.6351325757575758 0.3866279069767442 0.11306818181818182 0.16911021233569262
0 0.6797348484848484 0.5503033367037411 0.09318181818181819 0.10717896865520728
0 0.51875 0.8345551061678463 0.125 0.14787664307381193
0 0.965625 0.5511880687563195 0.06837121212121212 0.11754297269969666
0 0.49649621212121214 0.11450960566228513 0.10814393939393939 0.1172901921132457
0 0.19602272727272727 0.2685793731041456 0.10871212121212122 0.12057633973710818
0 0.1747159090909091 0.8289939332659252 0.13768939393939394 0.14079878665318504
0 0.9263257575757575 0.3216632962588473 0.08295454545454546 0.0826592517694641
0 0.6337121212121212 0.8167340748230536 0.11212121212121212 0.11627906976744186
0 0.19952651515151515 0.07406471183013144 0.10208333333333333 0.11375126390293225
0 0.790625 0.2968907987866532 0.08579545454545455 0.0776036400404449
0 0.500094696969697 0.9670121334681496 0.0971590909090909 0.06496461071789686
0 0.6769886363636364 0.7100606673407482 0.09375 0.10111223458038422
0 0.965814393939394 0.04512133468149646 0.06761363636363636 0.07709807886754297
0 0.5166666666666667 0.4494438827098079 0.07878787878787878 0.07735085945399393
0 0.023295454545454546 0.44919110212335694 0.04659090909090909 0.0935288169868554
0 0.09744318181818182 0.1870576339737108 0.10549242424242425 0.09959555106167846
0 0.0334280303030303 0.28766430738119314 0.0668560606060606 0.09453993933265925
0 0.9029356060606061 0.1744186046511628 0.09223484848484849 0.08998988877654196
0 0.03143939393939394 0.04739635995955511 0.06287878787878788 0.0872093023255814
0 0.9821969696969697 0.7793225480283115 0.035606060606060606 0.05813953488372093
0 0.6946969696969697 0.9749747219413549 0.07348484848484849 0.04903943377148635