0 0.634185606060606 0.49582912032355914 0.0706439393939394 0.07608695652173914
0 0.9270833333333334 0.5042972699696663 0.09583333333333334 0.11375126390293225
0 0.6883522727272727 0.03324064711830131 0.11799242424242425 0.06648129423660262
0 0.6868371212121213 0.3768958543983822 0.09526515151515151 0.1051567239635996
0 0.16486742424242423 0.8658998988877654 0.0706439393939394 0.07355915065722952
0 0.2456439393939394 0.6306875631951466 0.08446969696969697 0.08695652173913043
0 0.047443181818181815 0.48950960566228513 0.09223484848484849 0.10743174924165824
0 0.725284090909091 0.5050556117290192 0.06079545454545455 0.06471183013144591
0 0.47689393939393937 0.29840748230535896 0.06212121212121212 0.07002022244691608
0 0.3691287878787879 0.5136501516683518 0.07121212121212121 0.07937310414560161
0 0.859564393939394 0.9635995955510617 0.07140151515151515 0.0717896865520728
0 0.7948863636363637 0.029954499494438826 0.07992424242424243 0.05990899898887765
0 0.5102272727272728 0.07962588473205258 0.07765151515151515 0.08341759352881699
0 0.128125 0.6961577350859454 0.05246212121212121 0.05712841253791709
0 0.5857954545454546 0.3866279069767442 0.054924242424242424 0.05889787664307381
0 0.965814393939394 0.9732052578361982 0.06382575757575758 0.05308392315470172
0 0.39299242424242425 0.0826592517694641 0.07575757575757576 0.08442871587462084
0 0.2850378787878788 0.8164812942366027 0.06553030303030304 0.06825075834175935
0 0.8754734848484849 0.15609201213346816 0.09981060606060606 0.10237613751263903
0 0.4518939393939394 0.7258594539939333 0.06325757575757576 0.07002022244691608
0 0.5803977272727273 0.9614509605662285 0.07178030303030303 0.07457027300303337
0 0.309375 0.2819767441860465 0.055113636363636365 0.055864509605662284
0 0.4413825757575758 0.3642568250758342 0.05738636363636364 0.052072800808897875
0 0.06240530303030303 0.7324317492416582 0.0759469696969697 0.08367037411526795
0 0.368655303030303 0.5939079878665319 0.05321969696969697 0.05889787664307381
0 0.13986742424242424 0.4192366026289181 0.051704545454545454 0.051820020222446916
0 0.4640151515151515 0.4796511627906977 0.05795454545454545 0.0609201213346815
0 0.03418560606060606 0.9667593528816987 0.056628787878787876 0.05738119312436805
0 0.04384469696969697 0.17201718907987867 0.08768939393939394 0.11097067745197169
0 0.06117424242424242 0.2756572295247725 0.06325757575757576 0.06648129423660262
0 0.5638257575757576 0.4694135490394338 0.05416666666666667 0.055611729019211326
0 0.19545454545454546 0.9433771486349848 0.05454545454545454 0.05409504550050556
0 0.4666666666666667 0.42618806875631954 0.03939393939393939 0.043478260869565216
0 0.07102272727272728 0.9158240647118301 0.06818181818181818 0.06471183013144591
0 0.27698863636363635 0.4069767441860465 0.05284090909090909 0.055611729019211326
0 0.3390151515151515 0.8633720930232558 0.06363636363636363 0.06799797775530839
0 0.14507575757575758 0.21056622851365014 0.06742424242424243 0.0717896865520728
0 0.7025568181818181 0.9055864509605662 0.05776515151515151 0.0609201213346815
0 0.2545454545454545 0.06761880687563195 0.04015151515151515 0.04524772497472194
0 0.27954545454545454 0.961071789686552 0.07234848484848484 0.07633973710819009
0 0.37916666666666665 0.36122345803842265 0.08977272727272727 0.08442871587462084
0 0.2741477272727273 0.8768958543983822 0.05359848484848485 0.05358948432760364
0 0.13096590909090908 0.04057128412537917 0.06571969696969697 0.07709807886754297
0 0.0125 0.7718655207280081 0.025 0.05738119312436805
0 0.18418560606060605 0.7795753286147624 0.04412878787878788 0.04802831142568251
0 0.9806818181818182 0.14332659251769464 0.03787878787878788 0.06117290192113246