0 0.9558712121212121 0.29322548028311424 0.05909090909090909 0.05864509605662285
0 0.743655303030303 0.4887512639029323 0.06458333333333334 0.06749241658240647
0 0.021780303030303032 0.8555358948432761 0.043560606060606064 0.053842264914054604
0 0.971685606060606 0.08341759352881699 0.04678030303030303 0.046511627906976744
0 0.015909090909090907 0.6117290192113246 0.031818181818181815 0.047522750252780584
0 0.7204545454545455 0.657103134479272 0.04734848484848485 0.050808897876643076
0 0.3731060606060606 0.025278058645096056 0.04659090909090909 0.05055611729019211
0 0.959375 0.48533872598584427 0.04981060606060606 0.052072800808897875
0 0.3777462121212121 0.9590495449949444 0.055113636363636365 0.06016177957532862
0 0.7984848484848485 0.7699696663296259 0.0625 0.0672396359959555
0 0.3242424242424242 0.023129423660262893 0.04924242424242424 0.046258847320525785
0 0.8511363636363637 0.8274772497472194 0.04128787878787879 0.040697674418604654
0 0.640435606060606 0.5361476238624874 0.06117424242424242 0.06268958543983821
0 0.9517045454545454 0.9260616784630941 0.038636363636363635 0.041708796764408494
0 0.5299242424242424 0.3584428715874621 0.06401515151515151 0.0692618806875632
0 0.16221590909090908 0.663675429726997 0.033901515151515155 0.04019211324570273
0 0.22992424242424242 0.326845298281092 0.04621212121212121 0.04499494438827098
0 0.9587121212121212 0.7659251769464105 0.0625 0.06268958543983821
0 0.8354166666666667 0.9296006066734075 0.045075757575757575 0.04777553083923155
0 0.3977272727272727 0.12070273003033367 0.045454545454545456 0.04929221435793731
0 0.30577651515151516 0.26971688574317493 0.0490530303030303 0.052072800808897875
0 0.011268939393939394 0.5549797775530839 0.022537878787878787 0.04373104145601618
0 0.4348484848484849 0.05813953488372093 0.043560606060606064 0.04701718907987867
0 0.9854166666666667 0.6274014155712841 0.029166666666666667 0.04398382204246714
0 0.32708333333333334 0.33961071789686553 0.05303030303030303 0.055864509605662284
0 0.37850378787878786 0.8877654196157735 0.060037878787878786 0.0621840242669363
0 0.16486742424242423 0.4395854398382204 0.05928030303030303 0.05712841253791709
0 0.08844696969696969 0.9043225480283115 0.03143939393939394 0.03260869565217391
0 0.03058712121212121 0.9025530839231547 0.03958333333333333 0.0346309403437816
0 0.5850378787878788 0.3046006066734075 0.04393939393939394 0.0455005055611729
0 0.953125 0.5855662285136501 0.05473484848484848 0.056875631951466124
0 0.8579545454545454 0.7489888776541962 0.05909090909090909 0.06167846309403438
0 0.7890151515151516 0.8322800808897877 0.042045454545454546 0.04878665318503539
0 0.05653409090909091 0.4869817997977755 0.04791666666666667 0.048281092012133466
0 0.3770833333333333 0.18238119312436804 0.05303030303030303 0.05333670374115268
0 0.8773674242424242 0.9627148634984833 0.036931818181818184 0.04019211324570273
0 0.32452651515151515 0.9666329625884732 0.048295454545454544 0.05358948432760364
0 0.5008522727272727 0.9786400404448938 0.061553030303030304 0.041708796764408494
0 0.23191287878787878 0.7205510616784631 0.05928030303030303 0.056875631951466124
0 0.17414772727272726 0.38966127401415573 0.03238636363636364 0.03159757330637007
0 0.5861742424242424 0.5658493427704753 0.03598484848484849 0.04019211324570273
0 0.011268939393939394 0.29120323559150657 0.022537878787878787 0.043478260869565216
0 0.8115530303030303 0.5135237613751263 0.037121212121212124 0.04474216380182002
0 0.1856060606060606 0.9775025278058646 0.05113636363636364 0.044489383215369056
0 0.2636363636363636 0.023508594539939334 0.058333333333333334 0.04701718907987867
0 0.2818181818181818 0.3988877654196158 0.04128787878787879 0.04095045500505561
0 0.2611742424242424 0.804726996966633 0.04090909090909091 0.040697674418604654
0 0.6950757575757576 0.9364256825075834 0.048863636363636366 0.047269969666329625
0 0.9591856060606061 0.14534883720930233 0.061931818181818185 0.056622851365015166
0 0.10776515151515151 0.051061678463094035 0.04090909090909091 0.03538928210313448
0 0.9811553030303031 0.2141051567239636 0.03731060606060606 0.05712841253791709
0 0.5543560606060606 0.23685540950455006 0.05795454545454545 0.05358948432760364
0 0.5819128787878788 0.3574317492416582 0.04375 0.04802831142568251
0 0.7229166666666667 0.7551820020222447 0.05757575757575758 0.05839231547017189
0 0.8339962121212121 0.981041456016178 0.04109848484848485 0.036905965621840245
0 0.1534090909090909 0.5436046511627907 0.03787878787878788 0.046258847320525785
0 0.9069128787878787 0.20386754297269968 0.05397727272727273 0.055864509605662284
0 0.48418560606060607 0.5118806875631952 0.03958333333333333 0.046511627906976744
0 0.43522727272727274 0.759479271991911 0.04318181818181818 0.050808897876643076
0 0.559375 0.782608695652174 0.04450757575757576 0.046511627906976744
0 0.7070075757575758 0.5710313447927199 0.04772727272727273 0.05611729019211325
0 0.309375 0.1583670374115268 0.04261363636363636 0.05738119312436805
0 0.31221590909090907 0.7819767441860465 0.04678030303030303 0.04524772497472194
0 0.15492424242424244 0.7363498483316482 0.04962121212121212 0.05915065722952477
0 0.7920454545454545 0.9834428715874621 0.035227272727272725 0.03260869565217391
0 0.9849431818181819 0.3588220424671385 0.029734848484848486 0.0467644084934277
0 0.5101325757575758 0.03286147623862487 0.04375 0.046511627906976744
0 0.013825757575757576 0.6646865520728008 0.027651515151515153 0.05283114256825076
0 0.1787878787878788 0.06622851365015167 0.030303030303030304 0.029828109201213347
0 0.49109848484848484 0.9187310414560161 0.04318181818181818 0.05283114256825076
0 0.38418560606060603 0.46043983822042467 0.040340909090909094 0.041708796764408494
0 0.40132575757575756 0.3857431749241658 0.05416666666666667 0.054600606673407485
0 0.014299242424242424 0.9563953488372093 0.02859848484848485 0.04373104145601618
0 0.30700757575757576 0.7338220424671386 0.03409090909090909 0.03640040444893832