0 0.5777462121212121 0.26188068756319516 0.05965909090909091 0.0672396359959555
0 0.07632575757575757 0.09668857431749242 0.03901515151515152 0.04524772497472194
0 0.8105113636363637 0.2180232558139535 0.04412878787878788 0.047269969666329625
0 0.026893939393939394 0.24785136501516683 0.032196969696969696 0.04019211324570273
0 0.797064393939394 0.14004044489383216 0.06079545454545455 0.06471183013144591
0 0.6011363636363637 0.6469919110212335 0.05454545454545454 0.05889787664307381
0 0.05795454545454545 0.4318756319514661 0.045454545454545456 0.051820020222446916
0 0.9511363636363637 0.02148634984833165 0.05227272727272727 0.0429726996966633
0 0.8767045454545455 0.24279575328614764 0.07272727272727272 0.0801314459049545
0 0.4720643939393939 0.679474216380182 0.033901515151515155 0.034378159757330634
0 0.2240530303030303 0.07153690596562184 0.04696969696969697 0.04802831142568251
0 0.20293560606060607 0.24671385237613752 0.04715909090909091 0.051061678463094035
0 0.9271780303030303 0.08632457027300304 0.035416666666666666 0.03918099089989889
0 0.1640151515151515 0.10781092012133468 0.045075757575757575 0.04929221435793731
0 0.15634469696969697 0.2572042467138524 0.042234848484848486 0.050808897876643076
0 0.6700757575757575 0.5672396359959555 0.048484848484848485 0.05055611729019211
0 0.8382575757575758 0.027805864509605663 0.07575757575757576 0.055611729019211326
0 0.849905303030303 0.8068756319514662 0.04337121212121212 0.046511627906976744
0 0.4075757575757576 0.5586450960566228 0.051893939393939395 0.05358948432760364
0 0.6517045454545455 0.2627654196157735 0.0659090909090909 0.07153690596562184
0 0.7552083333333334 0.2909504550050556 0.060037878787878786 0.06622851365015167
0 0.9737689393939394 0.49898887765419614 0.05246212121212121 0.07077856420626896
0 0.8507575757575757 0.7062689585439839 0.05227272727272727 0.051061678463094035
0 0.5673295454545455 0.7369817997977756 0.04071969696969697 0.040697674418604654
0 0.02196969696969697 0.09833164812942366 0.04393939393939394 0.05915065722952477
0 0.9025568181818182 0.7866531850353893 0.04337121212121212 0.043478260869565216
0 0.41581439393939396 0.9429979777553084 0.02784090909090909 0.03109201213346815
0 0.7128787878787879 0.903690596562184 0.033712121212121214 0.034378159757330634
0 0.09943181818181818 0.21309403437815977 0.04393939393939394 0.0455005055611729
0 0.46827651515151514 0.4504550050556117 0.05776515151515151 0.06420626895854398
0 0.43645833333333334 0.7324317492416582 0.04753787878787879 0.05030333670374115
0 0.103125 0.865267947421638 0.04450757575757576 0.04802831142568251
0 0.040625 0.3787917087967644 0.04450757575757576 0.04929221435793731
0 0.8410037878787879 0.39383215369059654 0.06609848484848485 0.05813953488372093
0 0.11212121212121212 0.36703741152679475 0.043560606060606064 0.04600606673407482
0 0.8158143939393939 0.8308897876643074 0.03579545454545455 0.04196157735085945
0 0.934564393939394 0.3128159757330637 0.03958333333333333 0.0467644084934277
0 0.2747159090909091 0.11893326592517695 0.05132575757575757 0.048281092012133466
0 0.4636363636363636 0.5715369059656218 0.03901515151515152 0.042467138523761376
0 0.6984848484848485 0.41620323559150657 0.06098484848484848 0.06193124368048534
0 0.6005681818181818 0.10073306370070778 0.05568181818181818 0.05738119312436805
0 0.10918560606060607 0.44110212335692617 0.04791666666666667 0.05358948432760364
0 0.7595643939393939 0.3899140546006067 0.05473484848484848 0.05990899898887765
0 0.584375 0.4365520728008089 0.03579545454545455 0.04095045500505561
0 0.5184659090909091 0.08430232558139535 0.05473484848484848 0.0609201213346815
0 0.8148674242424242 0.662917087967644 0.03049242424242424 0.040697674418604654
0 0.20293560606060607 0.8349342770475228 0.041856060606060605 0.044489383215369056
0 0.6853219696969697 0.5084681496461072 0.03768939393939394 0.04373104145601618
0 0.6446969696969697 0.9849595551061678 0.03939393939393939 0.0275530839231547
0 0.051893939393939395 0.02654196157735086 0.03446969696969697 0.03943377148634985
0 0.46458333333333335 0.9572800808897877 0.03484848484848485 0.043478260869565216
0 0.6392045454545454 0.7381193124368048 0.03598484848484849 0.03993933265925177
0 0.45170454545454547 0.12601112234580383 0.03901515151515152 0.04120323559150657
0 0.16079545454545455 0.7211830131445905 0.03598484848484849 0.03538928210313448
0 0.6765151515151515 0.1423154701718908 0.04242424242424243 0.04398382204246714
0 0.9279356060606061 0.6243680485338726 0.035416666666666666 0.037917087967644085
0 0.4902462121212121 0.987360970677452 0.026325757575757575 0.024266936299292215
0 0.015909090909090907 0.8637512639029322 0.031818181818181815 0.051061678463094035
0 0.9672348484848485 0.8011880687563195 0.025 0.024519716885743174
0 0.9386363636363636 0.1635490394337715 0.03257575757575758 0.03538928210313448
0 0.8293560606060606 0.7507583417593529 0.042045454545454546 0.038928210313447925
0 0.9018939393939394 0.9350353892821032 0.031818181818181815 0.034378159757330634
0 0.6126893939393939 0.9292214357937311 0.0375 0.03741152679474216
0 0.38333333333333336 0.10629423660262892 0.04053030303030303 0.04373104145601618
0 0.27111742424242424 0.8756319514661274 0.033522727272727273 0.037917087967644085
0 0.7015151515151515 0.9864762386248737 0.048106060606060604 0.02654196157735086
0 0.9627840909090909 0.8698179979777553 0.02859848484848485 0.029828109201213347
0 0.8716856060606061 0.4720677451971689 0.055492424242424246 0.04979777553083923
0 0.7390151515151515 0.09630940343781598 0.05378787878787879 0.06268958543983821
0 0.0125 0.29840748230535896 0.025 0.03918099089989889
0 0.08759469696969698 0.49001516683518703 0.026325757575757575 0.03058645096056623
0 0.41571969696969696 0.4002780586450961 0.04053030303030303 0.040697674418604654
0 0.787405303030303 0.6357431749241659 0.036931818181818184 0.038928210313447925
0 0.5398674242424243 0.8350606673407482 0.035416666666666666 0.04524772497472194
0 0.3553030303030303 0.0179474216380182 0.04090909090909091 0.0358948432760364
0 0.39706439393939397 0.7641557128412538 0.03125 0.03842264914054601
0 0.5336174242424242 0.3909251769464105 0.058143939393939394 0.05839231547017189
0 0.899715909090909 0.11893326592517695 0.045643939393939396 0.050808897876643076
0 0.37613636363636366 0.6114762386248737 0.029545454545454545 0.032355915065722954
0 0.9777462121212122 0.6742922143579373 0.033522727272727273 0.0371587462082912
0 0.05994318181818182 0.5447421638018201 0.04412878787878788 0.051061678463094035
0 0.07736742424242424 0.25417087967644086 0.04109848484848485 0.042719919110212334
0 0.5327651515151515 0.5202224469160769 0.05416666666666667 0.055611729019211326
0 0.6040719696969697 0.016557128412537918 0.05321969696969697 0.033114256825075836
0 0.48475378787878787 0.8425176946410515 0.023295454545454546 0.03083923154701719
0 0.9872159090909091 0.897876643073812 0.02556818181818182 0.032355915065722954
0 0.3309659090909091 0.05156723963599596 0.03125 0.030333670374115267
0 0.40994318181818185 0.9834428715874621 0.035037878787878785 0.03260869565217391
0 0.7307765151515152 0.4955763397371082 0.04261363636363636 0.0467644084934277
0 0.36174242424242425 0.660010111223458 0.031818181818181815 0.03741152679474216
0 0.010606060606060607 0.5021486349848332 0.021212121212121213 0.041708796764408494
0 0.18484848484848485 0.5348837209302325 0.032196969696969696 0.03538928210313448
0 0.5994318181818182 0.35667340748230536 0.05568181818181818 0.055611729019211326
0 0.18484848484848485 0.8803083923154702 0.04053030303030303 0.042719919110212334
0 0.5545454545454546 0.15280586450960565 0.045454545454545456 0.04878665318503539
0 0.45984848484848484 0.8049797775530839 0.027651515151515153 0.029069767441860465
0 0.15918560606060606 0.31332153690596565 0.03428030303030303 0.040697674418604654
0 0.2390151515151515 0.576845298281092 0.03257575757575758 0.036905965621840245
0 0.4666666666666667 0.24519716885743176 0.04924242424242424 0.05156723963599596
0 0.017140151515151514 0.9215116279069767 0.03428030303030303 0.0609201213346815
0 0.05899621212121212 0.6148887765419616 0.01837121212121212 0.020980788675429726
0 0.5822916666666667 0.4800303336703741 0.03428030303030303 0.033367037411526794
0 0.13418560606060606 0.4887512639029323 0.038446969696969695 0.04474216380182002
0 0.23522727272727273 0.18629929221435793 0.03977272727272727 0.04802831142568251
0 0.9517045454545454 0.7731294236602629 0.025757575757575757 0.02249747219413549
0 0.581155303030303 0.9819261880687563 0.04412878787878788 0.034125379170879676
0 0.9892992424242424 0.05700202224469161 0.02140151515151515 0.03260869565217391
0 0.33162878787878786 0.1270222446916077 0.04659090909090909 0.050808897876643076
0 0.16761363636363635 0.6117290192113246 0.026136363636363635 0.025278058645096056
0 0.20975378787878787 0.7125884732052579 0.03125 0.03538928210313448
0 0.26931818181818185 0.2898129423660263 0.04734848484848485 0.05434782608695652
0 0.1702651515151515 0.7841253791708797 0.026893939393939394 0.0262891809908999
0 0.010227272727272727 0.5582659251769464 0.020454545454545454 0.029069767441860465
0 0.6618371212121212 0.34504550050556115 0.03920454545454546 0.038928210313447925
0 0.115625 0.7061425682507584 0.03125 0.0346309403437816
0 0.19583333333333333 0.3782861476238625 0.048863636363636366 0.050808897876643076
0 0.762594696969697 0.6038928210313448 0.029356060606060608 0.0262891809908999
0 0.36240530303030305 0.7139787664307381 0.027462121212121212 0.028058645096056625
0 0.881155303030303 0.6653185035389282 0.04337121212121212 0.0429726996966633
0 0.08191287878787878 0.3028311425682508 0.035416666666666666 0.03134479271991911
0 0.306155303030303 0.7185288169868554 0.029356060606060608 0.028058645096056625
0 0.3915719696969697 0.8882709807886754 0.032007575757575756 0.03488372093023256