0 0.9418560606060606 0.27780586450960565 0.11515151515151516 0.14560161779575329
0 0.7429924242424243 0.788928210313448 0.1178030303030303 0.1557128412537917
0 0.8872159090909091 0.5115015166835187 0.11193181818181819 0.11754297269969666
0 0.28806818181818183 0.15470171890798787 0.11363636363636363 0.11779575328614762
0 0.8928977272727273 0.7302831142568251 0.11117424242424243 0.121840242669363
0 0.5253787878787879 0.9453993933265925 0.11287878787878788 0.10717896865520728
0 0.4075757575757576 0.4890040444893832 0.10227272727272728 0.12108190091001012
0 0.9390151515151515 0.3935793731041456 0.08636363636363636 0.08645096056622852
0 0.7695075757575758 0.3024519716885743 0.10265151515151515 0.108948432760364
0 0.6357954545454545 0.10932760364004045 0.09318181818181819 0.09074823053589484
0 0.8541666666666666 0.6236097067745198 0.08863636363636364 0.10212335692618807
0 0.9664772727272727 0.6109706774519716 0.06704545454545455 0.08442871587462084
0 0.14261363636363636 0.49898887765419614 0.07765151515151515 0.0743174924165824
0 0.965719696969697 0.8418857431749242 0.06856060606060606 0.10338725985844287
0 0.061742424242424244 0.4044489383215369 0.07765151515151515 0.08796764408493428
0 0.7785984848484848 0.10098584428715875 0.08977272727272727 0.09782608695652174
0 0.7025568181818181 0.17467138523761375 0.09829545454545455 0.10262891809908999
0 0.025757575757575757 0.4743427704752275 0.051515151515151514 0.07457027300303337
0 0.27547348484848483 0.46574823053589487 0.08541666666666667 0.09883720930232558
0 0.375094696969697 0.6908493427704753 0.0759469696969697 0.07633973710819009
0 0.19744318181818182 0.8391051567239636 0.08920454545454545 0.09782608695652174
0 0.03191287878787879 0.6678463094034378 0.06382575757575758 0.08442871587462084
0 0.2765151515151515 0.9145601617795753 0.09772727272727273 0.09201213346814964
0 0.9708333333333333 0.9758594539939333 0.05795454545454545 0.047269969666329625
0 0.42225378787878787 0.8744944388270981 0.09943181818181818 0.10439838220424671
0 0.15454545454545454 0.7042467138523761 0.08825757575757576 0.0955510616784631
0 0.9823863636363637 0.6866784630940344 0.035227272727272725 0.07002022244691608
0 0.9743371212121212 0.040697674418604654 0.05132575757575757 0.06370070778564206
0 0.06543560606060606 0.7742669362992922 0.09261363636363637 0.09504550050556117
0 0.8472537878787879 0.8178715874620829 0.08011363636363636 0.07355915065722952
0 0.05454545454545454 0.03096562184024267 0.06515151515151515 0.06193124368048534
0 0.44507575757575757 0.0955510616784631 0.07878787878787878 0.07633973710819009
0 0.2565340909090909 0.5554853387259858 0.06420454545454546 0.06749241658240647
0 0.1588068181818182 0.9630940343781598 0.10814393939393939 0.07280080889787664
0 0.44289772727272725 0.6104651162790697 0.05700757575757576 0.054600606673407485
0 0.9223484848484849 0.16595045500505562 0.0875 0.07810920121334682
0 0.05236742424242424 0.2982810920121335 0.06420454545454546 0.05813953488372093
0 0.059185606060606064 0.8795500505561172 0.06534090909090909 0.07254802831142568
0 0.03740530303030303 0.23356926188068755 0.05321969696969697 0.07785642062689585