0 0.04043560606060606 0.17479777553083922 0.033901515151515155 0.03766430738119313
0 0.6452651515151515 0.269464105156724 0.04734848484848485 0.04903943377148635
0 0.16022727272727272 0.8926946410515673 0.06856060606060606 0.06799797775530839
0 0.6493371212121212 0.2063953488372093 0.045643939393939396 0.04524772497472194
0 0.3443181818181818 0.028058645096056625 0.041666666666666664 0.0429726996966633
0 0.16770833333333332 0.3147118301314459 0.05359848484848485 0.05308392315470172
0 0.0696969696969697 0.08354398382204246 0.04318181818181818 0.048281092012133466
0 0.21363636363636362 0.9523508594539939 0.05454545454545454 0.061425682507583415
0 0.43049242424242423 0.49304853387259856 0.05606060606060606 0.05738119312436805
0 0.259375 0.10806370070778565 0.04640151515151515 0.04474216380182002
0 0.387405303030303 0.903690596562184 0.05738636363636364 0.05915065722952477
0 0.7348484848484849 0.3867542972699697 0.035227272727272725 0.04095045500505561
0 0.11770833333333333 0.5540950455005056 0.061553030303030304 0.05813953488372093
0 0.10918560606060607 0.32103134479271994 0.051704545454545454 0.04903943377148635
0 0.762594696969697 0.5370323559150657 0.03465909090909091 0.041708796764408494
0 0.296875 0.3820778564206269 0.04943181818181818 0.05030333670374115
0 0.11950757575757576 0.24330131445904954 0.048106060606060604 0.05131445904954499
0 0.5331439393939394 0.9143073811931244 0.058712121212121215 0.06066734074823053
0 0.051515151515151514 0.4556370070778564 0.04659090909090909 0.04524772497472194
0 0.1434659090909091 0.03399898887765419 0.04071969696969697 0.042719919110212334
0 0.47878787878787876 0.4872345803842265 0.04242424242424243 0.04474216380182002
0 0.565625 0.6533114256825076 0.038825757575757576 0.03867542972699697
0 0.03257575757575758 0.6075581395348837 0.04621212121212121 0.04575328614762386
0 0.023295454545454546 0.22371081900910011 0.04621212121212121 0.06319514661274014
0 0.25880681818181817 0.307633973710819 0.04791666666666667 0.050050556117290194
0 0.5681818181818182 0.5082153690596563 0.04696969696969697 0.04979777553083923
0 0.2430871212121212 0.15786147623862487 0.05246212121212121 0.05434782608695652
0 0.6479166666666667 0.3767694641051567 0.05075757575757576 0.056875631951466124
0 0.026136363636363635 0.36703741152679475 0.04090909090909091 0.044489383215369056
0 0.30454545454545456 0.5556117290192113 0.04962121212121212 0.05358948432760364
0 0.18257575757575759 0.11868048533872598 0.045075757575757575 0.04878665318503539
0 0.43778409090909093 0.23799292214357937 0.03920454545454546 0.041708796764408494
0 0.02452651515151515 0.8622345803842265 0.0490530303030303 0.06370070778564206
0 0.36240530303030305 0.49304853387259856 0.035037878787878785 0.0371587462082912
0 0.4106060606060606 0.1929979777553084 0.060227272727272727 0.06193124368048534
0 0.18475378787878788 0.05017694641051567 0.03768939393939394 0.03260869565217391
0 0.05293560606060606 0.964737108190091 0.05397727272727273 0.05434782608695652
0 0.5353219696969697 0.5554853387259858 0.04753787878787879 0.04929221435793731
0 0.061931818181818185 0.4069767441860465 0.04090909090909091 0.042467138523761376
0 0.09848484848484848 0.04638523761375126 0.048106060606060604 0.046258847320525785
0 0.22888257575757576 0.6289180990899899 0.035416666666666666 0.03640040444893832
0 0.6550189393939394 0.8640040444893832 0.05321969696969697 0.055611729019211326
0 0.6020833333333333 0.12221941354903944 0.03409090909090909 0.03918099089989889
0 0.45416666666666666 0.9799039433771486 0.054924242424242424 0.03918099089989889
0 0.029924242424242423 0.038549039433771484 0.048484848484848485 0.0609201213346815
0 0.11013257575757576 0.7161274014155713 0.061931818181818185 0.05864509605662285
0 0.15104166666666666 0.6448432760364005 0.05587121212121212 0.055611729019211326
0 0.6115530303030303 0.060793731041456016 0.07083333333333333 0.05839231547017189
0 0.5291666666666667 0.3518705763397371 0.04015151515151515 0.04903943377148635
0 0.2589962121212121 0.46372598584428715 0.029734848484848486 0.0346309403437816
0 0.10899621212121212 0.1879423660262892 0.06079545454545455 0.05889787664307381
0 0.46325757575757576 0.2826086956521739 0.05378787878787879 0.06066734074823053
0 0.5839962121212121 0.9623356926188069 0.03579545454545455 0.03943377148634985
0 0.5737689393939394 0.7262386248736097 0.05359848484848485 0.055611729019211326
0 0.6895833333333333 0.3777805864509606 0.03295454545454545 0.03159757330637007
0 0.04109848484848485 0.3221688574317492 0.04734848484848485 0.04524772497472194
0 0.6521780303030303 0.6888270980788676 0.03465909090909091 0.03842264914054601
0 0.33702651515151516 0.7537917087967644 0.05359848484848485 0.052072800808897875
0 0.43380681818181815 0.8161021233569262 0.03465909090909091 0.03564206268958544
0 0.4505681818181818 0.5998483316481295 0.03636363636363636 0.03538928210313448
0 0.1259469696969697 0.38498483316481297 0.07992424242424243 0.07280080889787664
0 0.34071969696969695 0.35717896865520726 0.05 0.050050556117290194
0 0.6268939393939394 0.7596056622851365 0.031818181818181815 0.03134479271991911
0 0.48513257575757573 0.7991658240647118 0.03958333333333333 0.03564206268958544
0 0.25833333333333336 0.24519716885743176 0.045454545454545456 0.044489383215369056
0 0.625094696969697 0.9121587462082912 0.03958333333333333 0.04373104145601618
0 0.07490530303030303 0.65659757330637 0.05738636363636364 0.060414560161779575
0 0.01827651515151515 0.27591001011122346 0.0365530303030303 0.042719919110212334
0 0.010416666666666666 0.1390293225480283 0.020833333333333332 0.03538928210313448
0 0.7106060606060606 0.8460566228513651 0.045454545454545456 0.04802831142568251
0 0.5347537878787879 0.9867290192113246 0.035037878787878785 0.025530839231547017
0 0.5795454545454546 0.5735591506572295 0.04318181818181818 0.047522750252780584
0 0.48664772727272726 0.8705763397371082 0.07291666666666667 0.06875631951466127
0 0.3234848484848485 0.4282103134479272 0.03674242424242424 0.03993933265925177
0 0.184375 0.4814206268958544 0.06382575757575758 0.059403437815975735
0 0.109375 0.48887765419615775 0.03806818181818182 0.046511627906976744
0 0.20236742424242424 0.217896865520728 0.061931818181818185 0.06319514661274014
0 0.2634469696969697 0.6755561172901922 0.0659090909090909 0.06749241658240647
0 0.2321969696969697 0.038549039433771484 0.03674242424242424 0.041708796764408494
0 0.28352272727272726 0.0659757330637007 0.04053030303030303 0.038928210313447925
0 0.0509469696969697 0.4991152679474216 0.04242424242424243 0.0442366026289181
0 0.011647727272727273 0.6509100101112234 0.023295454545454546 0.03286147623862487
0 0.6557765151515151 0.4634732052578362 0.041856060606060605 0.04929221435793731
0 0.7039772727272727 0.4246713852376138 0.03257575757575758 0.034378159757330634
0 0.22613636363636364 0.42909504550050553 0.038636363636363635 0.04373104145601618
0 0.21666666666666667 0.08152173913043478 0.026136363636363635 0.03260869565217391
0 0.21013257575757577 0.33695652173913043 0.03731060606060606 0.04044489383215369
0 0.359375 0.4531092012133468 0.04147727272727273 0.04524772497472194
0 0.5245265151515152 0.618427704752275 0.04109848484848485 0.04373104145601618
0 0.6120265151515152 0.660768452982811 0.023674242424242424 0.023761375126390292
0 0.37850378787878786 0.5830384226491405 0.04981060606060606 0.05283114256825076
0 0.4588068181818182 0.07987866531850354 0.06079545454545455 0.06471183013144591
0 0.5379734848484848 0.04979777553083923 0.035416666666666666 0.03538928210313448
0 0.5652462121212121 0.25935288169868553 0.03465909090909091 0.034378159757330634
0 0.03238636363636364 0.7506319514661274 0.05303030303030303 0.05637007077856421
0 0.38513257575757576 0.28235591506572294 0.044886363636363634 0.042467138523761376
0 0.577935606060606 0.4595551061678463 0.03465909090909091 0.034378159757330634
0 0.6297348484848485 0.8023255813953488 0.03977272727272727 0.03842264914054601
0 0.15984848484848485 0.9762386248736097 0.04659090909090909 0.046511627906976744
0 0.35634469696969695 0.09188574317492416 0.051704545454545454 0.046258847320525785
0 0.41628787878787876 0.012386248736097068 0.032196969696969696 0.024772497472194135
0 0.328125 0.22965116279069767 0.05132575757575757 0.053842264914054604
0 0.2134469696969697 0.5530839231547017 0.03901515151515152 0.04802831142568251
0 0.4077651515151515 0.36880687563195147 0.038636363636363635 0.04044489383215369