0 0.8395833333333333 0.6821284125379171 0.05303030303030303 0.051820020222446916
0 0.7710227272727272 0.5620576339737108 0.05946969696969697 0.0609201213346815
0 0.08068181818181819 0.35995955510616784 0.04962121212121212 0.04903943377148635
0 0.7948863636363637 0.938953488372093 0.05416666666666667 0.0609201213346815
0 0.578314393939394 0.8958543983822043 0.05890151515151515 0.05813953488372093
0 0.01808712121212121 0.11830131445904954 0.03617424242424242 0.05308392315470172
0 0.928314393939394 0.5906218402426694 0.07026515151515152 0.07861476238624873
0 0.9599431818181818 0.4301061678463094 0.06761363636363636 0.06193124368048534
0 0.6309659090909091 0.5721688574317493 0.06534090909090909 0.0634479271991911
0 0.09412878787878788 0.9505813953488372 0.043560606060606064 0.0467644084934277
0 0.48077651515151515 0.5908746208291203 0.06761363636363636 0.07709807886754297
0 0.6116477272727273 0.3179979777553084 0.07632575757575757 0.07482305358948432
0 0.5420454545454545 0.3430232558139535 0.05643939393939394 0.06167846309403438
0 0.3783143939393939 0.618680485338726 0.058522727272727275 0.06547017189079879
0 0.7440340909090909 0.8396107178968655 0.05776515151515151 0.061425682507583415
0 0.4327651515151515 0.93288675429727 0.048484848484848485 0.05283114256825076
0 0.4015151515151515 0.9775025278058646 0.05795454545454545 0.044489383215369056
0 0.40918560606060606 0.6773255813953488 0.06950757575757575 0.08114256825075834
0 0.038636363636363635 0.326845298281092 0.053409090909090906 0.05611729019211325
0 0.9763257575757576 0.5428463094034378 0.04696969696969697 0.06900910010111223
0 0.4662878787878788 0.030207280080889787 0.05568181818181818 0.05889787664307381
0 0.8347537878787878 0.6086956521739131 0.05473484848484848 0.05611729019211325
0 0.8521780303030303 0.8838473205257836 0.08162878787878788 0.08822042467138523
0 0.06960227272727272 0.8944641051567239 0.04337121212121212 0.04373104145601618
0 0.2559659090909091 0.0448685540950455 0.055492424242424246 0.05738119312436805
0 0.524905303030303 0.7177704752275025 0.06799242424242424 0.070525783619818
0 0.956155303030303 0.8432760364004045 0.04981060606060606 0.05156723963599596
0 0.3352272727272727 0.7381193124368048 0.038636363636363635 0.0455005055611729
0 0.9650568181818182 0.7305358948432761 0.061553030303030304 0.06521739130434782
0 0.7724431818181818 0.6884479271991911 0.0706439393939394 0.0801314459049545
0 0.12793560606060606 0.2761627906976744 0.06420454545454546 0.06547017189079879
0 0.5607954545454545 0.17467138523761375 0.05606060606060606 0.06420626895854398
0 0.9863636363636363 0.1673407482305359 0.026515151515151516 0.036905965621840245
0 0.23058712121212122 0.5364004044489383 0.06458333333333334 0.06319514661274014
0 0.884185606060606 0.2762891809908999 0.04602272727272727 0.0455005055611729
0 0.8050189393939394 0.2951213346814965 0.05587121212121212 0.04979777553083923
0 0.9581439393939394 0.9542467138523761 0.04962121212121212 0.057633973710819006
0 0.2077651515151515 0.7180232558139535 0.04583333333333333 0.047269969666329625
0 0.8045454545454546 0.07810920121334682 0.048484848484848485 0.046511627906976744
0 0.35511363636363635 0.06584934277047523 0.06818181818181818 0.06445904954499494
0 0.015056818181818182 0.612108190091001 0.030113636363636363 0.047269969666329625
0 0.16098484848484848 0.6145096056622852 0.048106060606060604 0.051061678463094035
0 0.14412878787878788 0.884732052578362 0.05568181818181818 0.056622851365015166
0 0.04725378787878788 0.9282103134479271 0.033901515151515155 0.03387259858442872
0 0.653125 0.43377148634984836 0.05776515151515151 0.054600606673407485
0 0.7961174242424243 0.13549039433771487 0.05700757575757576 0.054600606673407485
0 0.33049242424242425 0.36893326592517695 0.06515151515151515 0.06193124368048534
0 0.01268939393939394 0.059024266936299294 0.02537878787878788 0.05283114256825076
0 0.023579545454545454 0.481041456016178 0.04715909090909091 0.055611729019211326
0 0.34450757575757573 0.2747724974721941 0.05378787878787879 0.06016177957532862
0 0.5017045454545455 0.12360970677451971 0.0446969696969697 0.04499494438827098
0 0.25615530303030304 0.9596814964610718 0.042234848484848486 0.04777553083923155
0 0.8821969696969697 0.4083670374115268 0.048484848484848485 0.0609201213346815
0 0.5925189393939394 0.24191102123356925 0.05965909090909091 0.06117290192113246
0 0.5075757575757576 0.9488119312436805 0.051893939393939395 0.05131445904954499
0 0.10369318181818182 0.4395854398382204 0.05359848484848485 0.051061678463094035
0 0.014678030303030304 0.9201213346814965 0.029356060606060608 0.04802831142568251
0 0.19829545454545455 0.948432760364004 0.05265151515151515 0.055611729019211326
0 0.4497159090909091 0.7822295247724975 0.0634469696969697 0.06648129423660262
0 0.011458333333333333 0.1646865520728008 0.022916666666666665 0.04120323559150657
0 0.1390151515151515 0.17429221435793732 0.04962121212121212 0.05232558139534884
0 0.038446969696969695 0.727123356926188 0.035227272727272725 0.04474216380182002
0 0.5481060606060606 0.47269969666329625 0.08295454545454546 0.0884732052578362
0 0.687405303030303 0.9637259858442871 0.05056818181818182 0.056875631951466124
0 0.868655303030303 0.7860212335692619 0.06912878787878787 0.07810920121334682
0 0.7110795454545454 0.42340748230535896 0.04678030303030303 0.0455005055611729
0 0.07954545454545454 0.7153690596562184 0.05606060606060606 0.05358948432760364
0 0.11126893939393939 0.21536905965621841 0.03465909090909091 0.03993933265925177
0 0.44895833333333335 0.1263902932254803 0.04791666666666667 0.04802831142568251
0 0.010416666666666666 0.22788169868554095 0.020833333333333332 0.04474216380182002
0 0.34005681818181815 0.8690596562184024 0.056628787878787876 0.0551061678463094
0 0.2599431818181818 0.47585945399393326 0.04678030303030303 0.04575328614762386
0 0.3319128787878788 0.9260616784630941 0.05397727272727273 0.05839231547017189
0 0.07121212121212121 0.8387259858442871 0.043560606060606064 0.044489383215369056
0 0.03702651515151515 0.3985085945399393 0.060037878787878786 0.05738119312436805
0 0.45672348484848485 0.9752275025278059 0.04753787878787879 0.0455005055611729
0 0.2331439393939394 0.1755561172901921 0.05 0.047269969666329625
0 0.1347537878787879 0.9442618806875632 0.03049242424242424 0.03210313447927199
0 0.10795454545454546 0.535768452982811 0.04734848484848485 0.05637007077856421
0 0.2851325757575758 0.2235844287158746 0.055492424242424246 0.050808897876643076
0 0.5793560606060606 0.06622851365015167 0.058712121212121215 0.055611729019211326