0 0.790435606060606 0.7482305358948432 0.10776515151515151 0.11274014155712841
0 0.393844696969697 0.9593023255813954 0.09375 0.08088978766430738
0 0.8025568181818182 0.5494186046511628 0.09299242424242424 0.09529828109201213
0 0.6922348484848485 0.3372093023255814 0.08674242424242425 0.08341759352881699
0 0.146875 0.7901921132457027 0.07784090909090909 0.0717896865520728
0 0.6040719696969697 0.18111729019211326 0.09412878787878788 0.1160262891809909
0 0.43825757575757573 0.5444893832153691 0.08257575757575758 0.08240647118301314
0 0.12168560606060606 0.22408998988877654 0.0706439393939394 0.07355915065722952
0 0.5547348484848484 0.8556622851365016 0.07992424242424243 0.08291203235591507
0 0.7555871212121212 0.8679221435793731 0.07897727272727273 0.08518705763397372
0 0.975 0.36261375126390294 0.05 0.06547017189079879
0 0.38238636363636364 0.4863498483316481 0.06742424242424243 0.07077856420626896
0 0.2956439393939394 0.15305864509605663 0.0893939393939394 0.09277047522750252
0 0.9232954545454546 0.9440091001011123 0.05568181818181818 0.06193124368048534
0 0.2411931818181818 0.39901415571284127 0.07518939393939394 0.07457027300303337
0 0.024337121212121213 0.09277047522750252 0.048295454545454544 0.06268958543983821
0 0.36041666666666666 0.3216632962588473 0.0893939393939394 0.09074823053589484
0 0.036458333333333336 0.8485844287158746 0.06912878787878787 0.0692618806875632
0 0.8938446969696969 0.589231547017189 0.07708333333333334 0.07381193124368049
0 0.8547348484848485 0.37259858442871585 0.06401515151515151 0.0717896865520728
0 0.6597537878787879 0.7254802831142568 0.06496212121212121 0.0672396359959555
0 0.027746212121212123 0.03096562184024267 0.05473484848484848 0.05990899898887765
0 0.7940340909090909 0.391304347826087 0.06988636363636364 0.07280080889787664
0 0.6838068181818182 0.11097067745197169 0.042234848484848486 0.057633973710819006
0 0.5138257575757575 0.2967644084934277 0.08257575757575758 0.0955510616784631
0 0.9747159090909091 0.5471435793731041 0.05056818181818182 0.0801314459049545
0 0.7232007575757575 0.18756319514661274 0.06875 0.0692618806875632
0 0.8857954545454545 0.4395854398382204 0.07121212121212121 0.07836198179979778
0 0.42831439393939397 0.2462082912032356 0.07026515151515152 0.0692618806875632
0 0.9019886363636364 0.8403690596562184 0.05284090909090909 0.06193124368048534
0 0.959564393939394 0.6363751263902933 0.06079545454545455 0.0826592517694641
0 0.13361742424242423 0.33417593528816986 0.06496212121212121 0.06268958543983821
0 0.9149621212121212 0.29840748230535896 0.09431818181818181 0.09934277047522751
0 0.634469696969697 0.41974216380182 0.075 0.08417593528816987
0 0.9013257575757576 0.21574823053589484 0.07007575757575757 0.07355915065722952
0 0.940435606060606 0.7156218402426694 0.07026515151515152 0.07937310414560161
0 0.7622159090909091 0.11198179979777553 0.07140151515151515 0.07532861476238625