0 0.443844696969697 0.12714863498483317 0.042234848484848486 0.0429726996966633
0 0.9543560606060606 0.06862992922143579 0.045454545454545456 0.051820020222446916
0 0.45454545454545453 0.3834681496461072 0.05075757575757576 0.05156723963599596
0 0.45009469696969695 0.04512133468149646 0.045643939393939396 0.04524772497472194
0 0.2059659090909091 0.9609453993933266 0.041856060606060605 0.05283114256825076
0 0.6741477272727273 0.08809403437815976 0.035416666666666666 0.0371587462082912
0 0.7931818181818182 0.7345803842264914 0.04128787878787879 0.0455005055611729
0 0.4980113636363636 0.6750505561172901 0.04375 0.04474216380182002
0 0.9279356060606061 0.41177957532861476 0.044886363636363634 0.04701718907987867
0 0.615814393939394 0.2627654196157735 0.052083333333333336 0.05434782608695652
0 0.17708333333333334 0.030333670374115267 0.06098484848484848 0.05712841253791709
0 0.9079545454545455 0.33291203235591504 0.059848484848484845 0.06825075834175935
0 0.821875 0.1569767441860465 0.04753787878787879 0.05055611729019211
0 0.061553030303030304 0.5102376137512639 0.05416666666666667 0.054853387259858444
0 0.3035037878787879 0.5 0.04261363636363636 0.04499494438827098
0 0.712405303030303 0.4115267947421638 0.03314393939393939 0.037917087967644085
0 0.5676136363636364 0.12790697674418605 0.03598484848484849 0.038928210313447925
0 0.9253787878787879 0.13245702730030334 0.04128787878787879 0.04701718907987867
0 0.8882575757575758 0.18857431749241657 0.04053030303030303 0.04196157735085945
0 0.15539772727272727 0.9172143579373104 0.05890151515151515 0.05990899898887765
0 0.9372159090909091 0.6237360970677452 0.033522727272727273 0.035136501516683516
0 0.0646780303030303 0.2301567239635996 0.0365530303030303 0.03867542972699697
0 0.4259469696969697 0.7517694641051568 0.04318181818181818 0.042467138523761376
0 0.7940340909090909 0.6646865520728008 0.04147727272727273 0.04575328614762386
0 0.11969696969696969 0.7766683518705764 0.059848484848484845 0.06294236602628918
0 0.35634469696969695 0.7687057633973711 0.06950757575757575 0.0743174924165824
0 0.09204545454545454 0.3049797775530839 0.0428030303030303 0.05283114256825076
0 0.5674242424242424 0.2917087967644085 0.04696969696969697 0.047522750252780584
0 0.028125 0.18124368048533873 0.05473484848484848 0.0525783619817998
0 0.399905303030303 0.5983316481294236 0.03276515151515152 0.034378159757330634
0 0.015909090909090907 0.40546006066734075 0.031818181818181815 0.05358948432760364
0 0.41041666666666665 0.16898382204246715 0.05113636363636364 0.05434782608695652
0 0.784185606060606 0.1879423660262892 0.035037878787878785 0.03918099089989889
0 0.7757575757575758 0.034378159757330634 0.055303030303030305 0.055611729019211326
0 0.787405303030303 0.297901921132457 0.02518939393939394 0.028058645096056625
0 0.1434659090909091 0.2951213346814965 0.04071969696969697 0.040697674418604654
0 0.7431818181818182 0.11615267947421638 0.05265151515151515 0.0609201213346815
0 0.8420454545454545 0.5520728008088979 0.038636363636363635 0.03993933265925177
0 0.32083333333333336 0.02148634984833165 0.04431818181818182 0.0429726996966633
0 0.6579545454545455 0.15154196157735086 0.045454545454545456 0.048281092012133466
0 0.7520833333333333 0.23571789686552072 0.060227272727272727 0.0609201213346815
0 0.6238636363636364 0.10149140546006066 0.03598484848484849 0.0371587462082912
0 0.5254734848484849 0.6195652173913043 0.055113636363636365 0.0551061678463094
0 0.9303977272727273 0.5784883720930233 0.04678030303030303 0.046258847320525785
0 0.2043560606060606 0.7558139534883721 0.05606060606060606 0.06016177957532862
0 0.7511363636363636 0.6338473205257836 0.03939393939393939 0.04878665318503539
0 0.37793560606060606 0.8695652173913043 0.041856060606060605 0.044489383215369056
0 0.6763257575757575 0.6945146612740142 0.03901515151515152 0.047269969666329625
0 0.06240530303030303 0.03918099089989889 0.028977272727272727 0.034378159757330634
0 0.2018939393939394 0.3177451971688574 0.045454545454545456 0.04954499494438827
0 0.7684659090909091 0.44969666329625885 0.05435606060606061 0.05611729019211325
0 0.5414772727272728 0.4814206268958544 0.04583333333333333 0.047269969666329625
0 0.29848484848484846 0.9184782608695652 0.04659090909090909 0.048281092012133466
0 0.887594696969697 0.5256572295247725 0.033522727272727273 0.033114256825075836
0 0.9161931818181818 0.8330384226491405 0.05246212121212121 0.050808897876643076
0 0.13399621212121213 0.49014155712841256 0.04791666666666667 0.04802831142568251
0 0.45331439393939393 0.8449191102123357 0.05890151515151515 0.06900910010111223
0 0.759375 0.5462588473205258 0.04753787878787879 0.0455005055611729
0 0.9363636363636364 0.7311678463094035 0.03295454545454545 0.03816986855409504
0 0.3331439393939394 0.23609706774519718 0.04659090909090909 0.05358948432760364
0 0.6640151515151516 0.30877148634984836 0.033712121212121214 0.04019211324570273
0 0.4427083333333333 0.08569261880687563 0.040340909090909094 0.038928210313447925
0 0.8089962121212121 0.5856926188068756 0.0509469696969697 0.05358948432760364
0 0.2628787878787879 0.7372345803842265 0.02803030303030303 0.025530839231547017
0 0.7052083333333333 0.6530586450960566 0.05284090909090909 0.05283114256825076
0 0.7376893939393939 0.9788928210313448 0.05946969696969697 0.041708796764408494
0 0.5150568181818181 0.13283619817997977 0.03579545454545455 0.04019211324570273
0 0.2819128787878788 0.6631698685540951 0.06117424242424242 0.0659757330637007
0 0.9043560606060606 0.07785642062689585 0.045454545454545456 0.0429726996966633
0 0.5275568181818182 0.33506066734074824 0.03617424242424242 0.035136501516683516
0 0.5618371212121213 0.961071789686552 0.0509469696969697 0.05308392315470172
0 0.30170454545454545 0.3191354903943377 0.05416666666666667 0.05434782608695652
0 0.6357954545454545 0.6285389282103134 0.03901515151515152 0.041708796764408494
0 0.23494318181818183 0.5858190091001011 0.025946969696969698 0.03260869565217391
0 0.6898674242424242 0.8239383215369059 0.038825757575757576 0.04474216380182002
0 0.8363636363636363 0.1103387259858443 0.0428030303030303 0.04474216380182002
0 0.6115530303030303 0.5362740141557129 0.03484848484848485 0.03918099089989889
0 0.5775568181818181 0.7448179979777553 0.060037878787878786 0.05637007077856421
0 0.7234848484848485 0.49266936299292213 0.051515151515151514 0.05358948432760364
0 0.7767045454545455 0.932633973710819 0.0571969696969697 0.05990899898887765
0 0.5493371212121212 0.05346309403437816 0.029734848484848486 0.03260869565217391
0 0.6950757575757576 0.12917087967644084 0.03674242424242424 0.0358948432760364
0 0.29043560606060603 0.1083164812942366 0.03238636363636364 0.02654196157735086
0 0.7368371212121212 0.8680485338725986 0.04678030303030303 0.050050556117290194
0 0.9857954545454546 0.5854398382204247 0.027651515151515153 0.043478260869565216
0 0.15899621212121212 0.9792719919110212 0.058143939393939394 0.04044489383215369
0 0.556155303030303 0.23837209302325582 0.04261363636363636 0.04196157735085945
0 0.013257575757575758 0.5937815975733064 0.026515151515151516 0.03083923154701719
0 0.5785984848484849 0.6453488372093024 0.055303030303030305 0.0525783619817998
0 0.5502840909090909 0.900530839231547 0.05132575757575757 0.056875631951466124
0 0.08882575757575757 0.4306117290192113 0.03484848484848485 0.035136501516683516
0 0.46988636363636366 0.5767189079878665 0.05 0.05434782608695652
0 0.06060606060606061 0.7838725985844287 0.03446969696969697 0.03538928210313448
0 0.6835227272727272 0.24595551061678464 0.02803030303030303 0.028311425682507583
0 0.08645833333333333 0.01327098078867543 0.04678030303030303 0.02654196157735086
0 0.47888257575757576 0.24089989888776542 0.05738636363636364 0.06117290192113246
0 0.40388257575757575 0.03197674418604651 0.038446969696969695 0.04373104145601618
0 0.9493371212121212 0.7632709807886754 0.027462121212121212 0.028564206268958545
0 0.08948863636363637 0.3795500505561173 0.032007575757575756 0.034125379170879676
0 0.7573863636363637 0.3614762386248736 0.032196969696969696 0.03538928210313448
0 0.6879734848484849 0.2039939332659252 0.03238636363636364 0.034378159757330634
0 0.23844696969696969 0.22649140546006066 0.02803030303030303 0.029322548028311426
0 0.7827651515151515 0.5087209302325582 0.04431818181818182 0.03867542972699697
0 0.6351325757575758 0.9816734074823054 0.04147727272727273 0.03564206268958544
0 0.9800189393939394 0.8034630940343782 0.03996212121212121 0.07912032355915066
0 0.8882575757575758 0.9806622851365016 0.037121212121212124 0.03816986855409504
0 0.3422348484848485 0.1538169868554095 0.03636363636363636 0.035136501516683516
0 0.23797348484848485 0.8382204246713852 0.032007575757575756 0.03640040444893832
0 0.862405303030303 0.7129676440849343 0.03465909090909091 0.0442366026289181
0 0.44668560606060603 0.9180990899898888 0.05928030303030303 0.06622851365015167
0 0.08418560606060606 0.18920626895854398 0.0365530303030303 0.040697674418604654
0 0.7077651515151515 0.03083923154701719 0.04015151515151515 0.04802831142568251
0 0.9643939393939394 0.8753791708796764 0.031818181818181815 0.03387259858442872
0 0.010795454545454546 0.8011880687563195 0.02159090909090909 0.03816986855409504
0 0.6881628787878787 0.5749494438827099 0.05625 0.06395348837209303
0 0.011837121212121212 0.055611729019211326 0.023674242424242424 0.03993933265925177
0 0.5957386363636363 0.4724469160768453 0.04981060606060606 0.05156723963599596
0 0.48456439393939393 0.4915318503538928 0.052083333333333336 0.06445904954499494
0 0.09270833333333334 0.11501516683518706 0.0490530303030303 0.042467138523761376
0 0.21922348484848486 0.0692618806875632 0.048295454545454544 0.04802831142568251
0 0.4622159090909091 0.980788675429727 0.051704545454545454 0.03741152679474216
0 0.8606060606060606 0.8554095045500506 0.04053030303030303 0.038928210313447925
0 0.9095643939393939 0.03665318503538928 0.035416666666666666 0.04196157735085945
0 0.26401515151515154 0.032735085945399395 0.029545454545454545 0.02704752275025278
0 0.8329545454545455 0.3306370070778564 0.0428030303030303 0.04954499494438827
0 0.8339962121212121 0.6409251769464105 0.03958333333333333 0.04019211324570273
0 0.9661931818181818 0.4950707785642063 0.03125 0.03260869565217391
0 0.8865530303030303 0.9131698685540951 0.0375 0.048281092012133466
0 0.8377840909090909 0.27641557128412536 0.03731060606060606 0.03816986855409504
0 0.2928030303030303 0.07330637007077856 0.032196969696969696 0.03185035389282103
0 0.8140151515151515 0.8374620829120324 0.059848484848484845 0.06268958543983821
0 0.7097537878787878 0.7745197168857432 0.03617424242424242 0.03387259858442872
0 0.5857954545454546 0.8473205257836198 0.05227272727272727 0.05611729019211325
0 0.7154356060606061 0.16948938321536905 0.02821969696969697 0.025530839231547017
0 0.3759469696969697 0.5391809908998989 0.05909090909090909 0.06268958543983821
0 0.2785984848484849 0.7851365015166836 0.06553030303030304 0.06875631951466127
0 0.8272727272727273 0.20803842264914055 0.037121212121212124 0.03640040444893832
0 0.5652462121212121 0.08872598584428716 0.026704545454545453 0.0262891809908999
0 0.6328598484848484 0.903437815975733 0.05321969696969697 0.0551061678463094
0 0.3646780303030303 0.29802831142568253 0.05928030303030303 0.06167846309403438
0 0.962215909090909 0.6962841253791708 0.035416666666666666 0.03564206268958544
0 0.6515151515151515 0.7968907987866531 0.029545454545454545 0.034125379170879676
0 0.3321022727272727 0.10692618806875633 0.03125 0.03488372093023256
0 0.9694128787878787 0.3616026289180991 0.045643939393939396 0.04474216380182002