0 0.481155303030303 0.36248736097067746 0.12518939393939393 0.13245702730030334
0 0.9566287878787879 0.7082912032355915 0.08674242424242425 0.1365015166835187
0 0.36666666666666664 0.6842770475227502 0.11136363636363636 0.13094034378159758
0 0.834564393939394 0.7934782608695652 0.09375 0.1102123356926188
0 0.09365530303030303 0.612108190091001 0.10132575757575757 0.11703741152679474
0 0.643655303030303 0.38106673407482305 0.11003787878787878 0.12866531850353893
0 0.8352272727272727 0.3421385237613751 0.09924242424242424 0.09883720930232558
0 0.15198863636363635 0.8327856420626896 0.09981060606060606 0.12512639029322548
0 0.7710227272727272 0.17997977755308392 0.10643939393939394 0.121840242669363
0 0.8872159090909091 0.5300808897876643 0.09526515151515151 0.10414560161779575
0 0.878125 0.6498988877654196 0.05738636363636364 0.06370070778564206
0 0.7472537878787879 0.6095803842264914 0.08617424242424243 0.0872093023255814
0 0.8000946969696969 0.8892821031344793 0.09375 0.09959555106167846
0 0.10975378787878788 0.4915318503538928 0.07935606060606061 0.08316481294236602
0 0.41827651515151515 0.4847067745197169 0.11003787878787878 0.11905965621840242
0 0.6393939393939394 0.1911021233569262 0.08295454545454546 0.0788675429726997
0 0.7273674242424243 0.775278058645096 0.09147727272727273 0.10566228513650151
0 0.2513257575757576 0.5588978766430738 0.07840909090909091 0.0743174924165824
0 0.881155303030303 0.25872093023255816 0.06950757575757575 0.07457027300303337
0 0.024053030303030302 0.6864256825075834 0.048106060606060604 0.07254802831142568
0 0.4387310606060606 0.17909504550050556 0.07821969696969697 0.0801314459049545
0 0.9089962121212121 0.9474216380182002 0.09526515151515151 0.10262891809908999
0 0.2988636363636364 0.04284630940343782 0.06742424242424243 0.06547017189079879
0 0.7950757575757575 0.04701718907987867 0.09204545454545454 0.09403437815975733
0 0.537594696969697 0.734201213346815 0.11306818181818182 0.11400404448938321
0 0.6658143939393939 0.06306875631951465 0.06382575757575758 0.06749241658240647
0 0.1918560606060606 0.4076086956521739 0.08787878787878788 0.0826592517694641
0 0.1021780303030303 0.1723963599595551 0.07140151515151515 0.08088978766430738
0 0.6663825757575758 0.9422396359959555 0.07291666666666667 0.07457027300303337
0 0.08096590909090909 0.32735085945399395 0.08844696969696969 0.09302325581395349
0 0.9700757575757576 0.2063953488372093 0.059848484848484845 0.09074823053589484
0 0.9077651515151515 0.8324064711830131 0.06401515151515151 0.06471183013144591
0 0.24327651515151516 0.48672901921132455 0.06761363636363636 0.0609201213346815
0 0.37670454545454546 0.3288675429726997 0.06780303030303031 0.06319514661274014
0 0.9833333333333333 0.3871334681496461 0.03295454545454545 0.05283114256825076
0 0.2606060606060606 0.11526794742163801 0.03636363636363636 0.04398382204246714
0 0.014299242424242424 0.21006066734074824 0.02859848484848485 0.04600606673407482
0 0.8179924242424242 0.6348584428715874 0.06325757575757576 0.05990899898887765
0 0.5027462121212121 0.023508594539939334 0.09526515151515151 0.04701718907987867
0 0.3455492424242424 0.163422649140546 0.06231060606060606 0.0609201213346815