0 0.25795454545454544 0.17226996966632963 0.15757575757575756 0.16961577350859455
0 0.4772727272727273 0.217896865520728 0.1340909090909091 0.16329625884732052
0 0.06865530303030302 0.4955763397371082 0.13465909090909092 0.15647118301314458
0 0.625094696969697 0.8179979777553084 0.15473484848484848 0.15925176946410516
0 0.3945075757575758 0.692366026289181 0.11818181818181818 0.14914054600606674
0 0.25539772727272725 0.7237108190091001 0.13731060606060605 0.1511627906976744
0 0.28039772727272727 0.4422396359959555 0.14640151515151514 0.1595045500505561
0 0.406344696969697 0.5264155712841254 0.14412878787878788 0.15798786653185035
0 0.6072916666666667 0.6180485338725986 0.12178030303030303 0.12740141557128412
0 0.1428030303030303 0.6806117290192113 0.10909090909090909 0.1064206268958544
0 0.5868371212121212 0.39509605662285135 0.09829545454545455 0.09757330637007078
0 0.9598484848484848 0.297901921132457 0.0803030303030303 0.1185540950455005
0 0.04081439393939394 0.8841001011122346 0.08162878787878788 0.10288169868554095
0 0.9650568181818182 0.7043731041456016 0.06988636363636364 0.10439838220424671
0 0.9636363636363636 0.07419110212335693 0.07272727272727272 0.09732052578361981
0 0.8462121212121212 0.10490394337714863 0.09659090909090909 0.09908998988877654
0 0.7617424242424242 0.4441354903943377 0.0875 0.0910010111223458
0 0.26420454545454547 0.9572800808897877 0.12310606060606061 0.08442871587462084
0 0.8045454545454546 0.6947674418604651 0.09431818181818181 0.10439838220424671
0 0.8545454545454545 0.8009352881698686 0.09507575757575758 0.10540950455005056
0 0.6024621212121212 0.5087209302325582 0.09696969696969697 0.09580384226491405
0 0.4420454545454545 0.8009352881698686 0.09015151515151515 0.09327603640040445
0 0.07916666666666666 0.16380182002022245 0.08295454545454546 0.09403437815975733
0 0.8640151515151515 0.939206268958544 0.08068181818181819 0.09428715874620829
0 0.8642045454545455 0.42846309403437816 0.06666666666666667 0.07532861476238625
0 0.7359848484848485 0.9381951466127402 0.09924242424242424 0.10085945399393327
0 0.8193181818181818 0.2874115267947422 0.06931818181818182 0.07785642062689585
0 0.9636363636363636 0.9077350859453994 0.07083333333333333 0.08088978766430738
0 0.5649621212121212 0.10022750252780586 0.09924242424242424 0.10995955510616785
0 0.08181818181818182 0.38283619817997977 0.08409090909090909 0.07810920121334682
0 0.5934659090909091 0.243680485338726 0.10549242424242425 0.12942366026289182