0 0.058522727272727275 0.3685540950455005 0.08409090909090909 0.08998988877654196
0 0.08210227272727273 0.4622093023255814 0.07859848484848485 0.08215369059656219
0 0.38257575757575757 0.7946157735085946 0.06931818181818182 0.07204246713852376
0 0.23333333333333334 0.9019211324570273 0.07992424242424243 0.08948432760364004
0 0.01571969696969697 0.5394337714863499 0.03143939393939394 0.050050556117290194
0 0.7180871212121213 0.6726491405460061 0.08087121212121212 0.08796764408493428
0 0.8065340909090909 0.9641051567239636 0.06950757575757575 0.07128412537917088
0 0.18333333333333332 0.6405460060667341 0.07537878787878788 0.07330637007077856
0 0.8127840909090909 0.8733569261880687 0.07178030303030303 0.0743174924165824
0 0.7977272727272727 0.5219919110212335 0.08295454545454546 0.09201213346814964
0 0.9785984848484849 0.3388523761375126 0.0428030303030303 0.04929221435793731
0 0.600284090909091 0.2180232558139535 0.08958333333333333 0.09833164812942366
0 0.9591856060606061 0.586324570273003 0.06079545454545455 0.06193124368048534
0 0.9542613636363636 0.43250758341759354 0.05625 0.06622851365015167
0 0.24100378787878787 0.29347826086956524 0.06988636363636364 0.06622851365015167
0 0.7013257575757575 0.846309403437816 0.05454545454545454 0.05813953488372093
0 0.9821969696969697 0.8841001011122346 0.035606060606060606 0.05788675429726997
0 0.8896780303030303 0.055611729019211326 0.044886363636363634 0.04802831142568251
0 0.7503787878787879 0.21359959555106167 0.06856060606060606 0.07532861476238625
0 0.24753787878787878 0.18048533872598585 0.0731060606060606 0.07229524772497473
0 0.21865530303030303 0.7675682507583418 0.05738636363636364 0.06799797775530839
0 0.8756628787878787 0.35414560161779574 0.03996212121212121 0.03842264914054601
0 0.9861742424242425 0.26744186046511625 0.026893939393939394 0.036905965621840245
0 0.8613636363636363 0.2847573306370071 0.03257575757575758 0.03918099089989889
0 0.9732954545454545 0.05295753286147624 0.03446969696969697 0.03766430738119313
0 0.378125 0.1306875631951466 0.04791666666666667 0.04903943377148635
0 0.6541666666666667 0.8024519716885743 0.059848484848484845 0.0634479271991911
0 0.7333333333333333 0.9847067745197169 0.03939393939393939 0.03008088978766431
0 0.8607954545454546 0.5438574317492416 0.031818181818181815 0.03210313447927199
0 0.4864583333333333 0.024140546006066733 0.04071969696969697 0.041708796764408494
0 0.9368371212121213 0.8891557128412538 0.03920454545454546 0.046258847320525785
0 0.6769886363636364 0.27957532861476236 0.056628787878787876 0.06370070778564206
0 0.5104166666666666 0.22396359959555107 0.0446969696969697 0.043478260869565216
0 0.6583333333333333 0.3909251769464105 0.03106060606060606 0.03058645096056623
0 0.5381628787878788 0.26188068756319516 0.04109848484848485 0.044489383215369056
0 0.22225378787878788 0.5586450960566228 0.0706439393939394 0.07836198179979778
0 0.9210227272727273 0.9695399393326593 0.08446969696969697 0.05990899898887765