0 0.6539772727272727 0.6659504550050556 0.060227272727272727 0.06496461071789686
0 0.7477272727272727 0.358948432760364 0.06704545454545455 0.07280080889787664
0 0.393844696969697 0.2582153690596562 0.07859848484848485 0.08316481294236602
0 0.20454545454545456 0.5662285136501517 0.07121212121212121 0.08190091001011122
0 0.36761363636363636 0.3925682507583418 0.05795454545454545 0.05813953488372093
0 0.36098484848484846 0.5748230535894844 0.09924242424242424 0.09908998988877654
0 0.38579545454545455 0.666076845298281 0.07348484848484849 0.0788675429726997
0 0.8428030303030303 0.589737108190091 0.05909090909090909 0.06420626895854398
0 0.0696969696969697 0.5117542972699697 0.05 0.05637007077856421
0 0.023958333333333335 0.705005055611729 0.04678030303030303 0.07532861476238625
0 0.680965909090909 0.214737108190091 0.061553030303030304 0.06799797775530839
0 0.2274621212121212 0.7257330637007078 0.06477272727272727 0.07280080889787664
0 0.08541666666666667 0.051061678463094035 0.07348484848484849 0.07937310414560161
0 0.9571022727272728 0.6196916076845298 0.06799242424242424 0.0826592517694641
0 0.23191287878787878 0.37424165824064715 0.06761363636363636 0.06951466127401415
0 0.6088068181818181 0.8119312436804853 0.03920454545454546 0.04398382204246714
0 0.04005681818181818 0.6435793731041456 0.0634469696969697 0.06268958543983821
0 0.17916666666666667 0.21397876643073813 0.05946969696969697 0.06749241658240647
0 0.13456439393939393 0.45791203235591504 0.04261363636363636 0.04575328614762386
0 0.8166666666666667 0.21397876643073813 0.05795454545454545 0.05839231547017189
0 0.41647727272727275 0.13776541961577352 0.07272727272727272 0.0788675429726997
0 0.16742424242424242 0.105788675429727 0.07045454545454545 0.07204246713852376
0 0.7601325757575758 0.11893326592517695 0.055492424242424246 0.05738119312436805
0 0.7142045454545455 0.5872093023255814 0.06553030303030304 0.0672396359959555
0 0.13134469696969697 0.32292719919110213 0.07026515151515152 0.06648129423660262
0 0.818655303030303 0.483948432760364 0.06723484848484848 0.07204246713852376
0 0.18210227272727272 0.8358190091001011 0.06231060606060606 0.06243680485338726
0 0.5015151515151515 0.39459049544994945 0.06325757575757576 0.06673407482305359
0 0.6088068181818181 0.721309403437816 0.07178030303030303 0.07153690596562184
0 0.45615530303030305 0.028816986855409503 0.06609848484848485 0.057633973710819006
0 0.5627840909090909 0.4044489383215369 0.04337121212121212 0.046511627906976744
0 0.9241477272727273 0.36842770475227504 0.051704545454545454 0.05637007077856421
0 0.7767045454545455 0.5749494438827099 0.048106060606060604 0.053842264914054604
0 0.5827651515151515 0.3274772497472194 0.06060606060606061 0.0659757330637007
0 0.030965909090909093 0.21461071789686553 0.048295454545454544 0.0551061678463094
0 0.334375 0.10414560161779575 0.06912878787878787 0.07532861476238625
0 0.8984848484848484 0.02679474216380182 0.06098484848484848 0.05358948432760364
0 0.08494318181818182 0.2160010111223458 0.06837121212121212 0.06193124368048534
0 0.547064393939394 0.1179221435793731 0.05776515151515151 0.060414560161779575
0 0.8791666666666667 0.9687815975733064 0.06098484848484848 0.05990899898887765
0 0.48986742424242424 0.7938574317492416 0.06761363636363636 0.06900910010111223
0 0.9636363636363636 0.7369817997977756 0.05113636363636364 0.05131445904954499
0 0.4890151515151515 0.17846309403437816 0.06325757575757576 0.07280080889787664
0 0.9800189393939394 0.150530839231547 0.03996212121212121 0.053842264914054604
0 0.8352272727272727 0.9325075834175935 0.04090909090909091 0.04600606673407482
0 0.019412878787878788 0.30207280080889787 0.038825757575757576 0.051061678463094035
0 0.9820075757575758 0.4882457027300303 0.035606060606060606 0.05839231547017189
0 0.6246212121212121 0.18402426693629928 0.0625 0.07077856420626896
0 0.7379734848484848 0.9831900910010111 0.04109848484848485 0.03260869565217391
0 0.9050189393939394 0.2430485338725986 0.04943181818181818 0.050808897876643076
0 0.26486742424242427 0.22295247724974723 0.07215909090909091 0.0717896865520728
0 0.2779356060606061 0.4308645096056623 0.03806818181818182 0.041708796764408494
0 0.6088068181818181 0.09630940343781598 0.05587121212121212 0.0621840242669363
0 0.7640151515151515 0.9201213346814965 0.053409090909090906 0.054600606673407485
0 0.6577651515151515 0.9163296258847321 0.035606060606060606 0.042467138523761376
0 0.9722537878787879 0.02186552072800809 0.05435606060606061 0.04373104145601618
0 0.5366477272727272 0.31610212335692617 0.03314393939393939 0.0371587462082912
0 0.984564393939394 0.33809403437815977 0.030113636363636363 0.05637007077856421
0 0.5859848484848484 0.9804095045500506 0.038257575757575754 0.03564206268958544
0 0.6327651515151516 0.4513397371081901 0.05075757575757576 0.05333670374115268
0 0.2682765151515151 0.024266936299292215 0.04981060606060606 0.04802831142568251
0 0.9323863636363636 0.833417593528817 0.045454545454545456 0.05055611729019211
0 0.6573863636363636 0.1051567239635996 0.0446969696969697 0.04600606673407482
0 0.7047348484848485 0.43743680485338726 0.048484848484848485 0.05232558139534884
0 0.984564393939394 0.42909504550050553 0.03049242424242424 0.050808897876643076
0 0.8245265151515152 0.11450960566228513 0.06837121212121212 0.06572295247724974
0 0.9793560606060606 0.24507077856420628 0.04128787878787879 0.06900910010111223
0 0.2327651515151515 0.07621334681496461 0.05606060606060606 0.051820020222446916