0 0.4485795454545455 0.2378665318503539 0.12481060606060607 0.14812942366026288
0 0.8619318181818182 0.7392568250758341 0.075 0.07406471183013144
0 0.5443181818181818 0.743427704752275 0.11363636363636363 0.1339737108190091
0 0.6413825757575757 0.08341759352881699 0.10928030303030303 0.121840242669363
0 0.321875 0.3569261880687563 0.10700757575757576 0.12032355915065723
0 0.5658143939393939 0.39838220424671383 0.11231060606060606 0.1390293225480283
0 0.8629734848484848 0.3325328614762386 0.10814393939393939 0.11097067745197169
0 0.45350378787878787 0.5693882709807887 0.07670454545454546 0.07709807886754297
0 0.7196969696969697 0.26870576339737107 0.11022727272727273 0.11577350859453994
0 0.7504734848484849 0.4675176946410516 0.10662878787878788 0.11299292214357937
0 0.3053030303030303 0.6443377148634984 0.09696969696969697 0.10768452982810921
0 0.6999053030303031 0.8138270980788676 0.10132575757575757 0.11754297269969666
0 0.762594696969697 0.6191860465116279 0.09905303030303031 0.10136501516683519
0 0.6731060606060606 0.38789180990899896 0.10946969696969697 0.1306875631951466
0 0.49166666666666664 0.07810920121334682 0.09545454545454546 0.10262891809908999
0 0.2864583333333333 0.7976491405460061 0.09299242424242424 0.10793731041456016
0 0.9640151515151515 0.7699696663296259 0.0715909090909091 0.09453993933265925
0 0.05132575757575757 0.673154701718908 0.07083333333333333 0.07280080889787664
0 0.524905303030303 0.9687815975733064 0.07784090909090909 0.061425682507583415
0 0.2831439393939394 0.16961577350859455 0.09090909090909091 0.09150657229524772
0 0.9607954545454546 0.4800303336703741 0.07803030303030303 0.08341759352881699
0 0.8370265151515152 0.8638776541961577 0.09678030303030304 0.1064206268958544
0 0.9083333333333333 0.9528564206268959 0.07045454545454545 0.07912032355915066
0 0.8180871212121212 0.1873104145601618 0.07670454545454546 0.08948432760364004
0 0.019318181818181818 0.3564206268958544 0.038636363636363635 0.0839231547017189
0 0.1516098484848485 0.35679979777553084 0.07178030303030303 0.07457027300303337
0 0.9295454545454546 0.2089231547017189 0.0803030303030303 0.08468149646107179
0 0.8597537878787879 0.07722446916076846 0.07746212121212122 0.09277047522750252
0 0.43333333333333335 0.3722194135490394 0.06931818181818182 0.07457027300303337
0 0.5445075757575758 0.8619817997977756 0.07613636363636364 0.07381193124368049
0 0.23172348484848485 0.3737360970677452 0.07518939393939394 0.07507583417593529
0 0.9663825757575758 0.06521739130434782 0.06647727272727273 0.0788675429726997
0 0.02168560606060606 0.9271991911021233 0.04337121212121212 0.08543983822042467
0 0.046875 0.9814206268958544 0.056628787878787876 0.03614762386248736
0 0.18134469696969696 0.4903943377148635 0.06571969696969697 0.06268958543983821
0 0.33579545454545456 0.06837714863498483 0.07348484848484849 0.08670374115267948
0 0.03721590909090909 0.6036400404448938 0.06571969696969697 0.0743174924165824
0 0.10994318181818181 0.5844287158746209 0.04602272727272727 0.0525783619817998
0 0.17613636363636365 0.024646107178968656 0.05795454545454545 0.04929221435793731
0 0.952935606060606 0.868427704752275 0.05965909090909091 0.05738119312436805
0 0.6481060606060606 0.618680485338726 0.06515151515151515 0.0634479271991911
0 0.010890151515151516 0.7589737108190091 0.021780303030303032 0.046258847320525785