0 0.5943181818181819 0.5638270980788676 0.1125 0.12411526794742164
0 0.5178977272727273 0.8823306370070778 0.11306818181818182 0.13119312436804853
0 0.815435606060606 0.4138018200202224 0.1043560606060606 0.12082912032355915
0 0.353125 0.6127401415571284 0.12026515151515152 0.12588473205257836
0 0.4022727272727273 0.7323053589484327 0.13106060606060607 0.1339737108190091
0 0.8175189393939394 0.8326592517694641 0.11306818181818182 0.11274014155712841
0 0.8316287878787879 0.09972194135490395 0.06325757575757576 0.05990899898887765
0 0.771875 0.6750505561172901 0.09526515151515151 0.09732052578361981
0 0.9445075757575757 0.20475227502527807 0.11098484848484849 0.11627906976744186
0 0.668844696969697 0.7699696663296259 0.10776515151515151 0.10920121334681497
0 0.7559659090909091 0.052451971688574316 0.09602272727272727 0.10288169868554095
0 0.19412878787878787 0.8128159757330637 0.10984848484848485 0.11501516683518706
0 0.23825757575757575 0.6244944388270981 0.0946969696969697 0.10288169868554095
0 0.23058712121212122 0.3719666329625885 0.08617424242424243 0.08822042467138523
0 0.9638257575757576 0.5816481294236603 0.07234848484848484 0.0910010111223458
0 0.45615530303030305 0.18743680485338726 0.07859848484848485 0.07912032355915066
0 0.812405303030303 0.5692618806875632 0.10132575757575757 0.1243680485338726
0 0.6212121212121212 0.8757583417593529 0.08522727272727272 0.09883720930232558
0 0.8938446969696969 0.9510869565217391 0.10587121212121212 0.0968149646107179
0 0.893655303030303 0.698432760364004 0.09109848484848485 0.08645096056622852
0 0.981344696969697 0.3595803842264914 0.036931818181818184 0.05889787664307381
0 0.42111742424242427 0.09239130434782608 0.11723484848484848 0.11905965621840242
0 0.9815340909090909 0.7153690596562184 0.0365530303030303 0.08341759352881699
0 0.10653409090909091 0.3677957532861476 0.07859848484848485 0.07987866531850354
0 0.7982954545454546 0.21675935288169867 0.06856060606060606 0.07507583417593529
0 0.5261363636363636 0.10262891809908999 0.07727272727272727 0.08998988877654196
0 0.3550189393939394 0.23988877654196158 0.07178030303030303 0.07633973710819009
0 0.3861742424242424 0.862360970677452 0.07348484848484849 0.0755813953488372
0 0.44763257575757576 0.5597826086956522 0.0971590909090909 0.11552072800808898
0 0.33172348484848485 0.5037917087967644 0.06420454545454546 0.06622851365015167
0 0.24488636363636362 0.5237613751263903 0.08257575757575758 0.0839231547017189
0 0.12007575757575757 0.4551314459049545 0.0625 0.05889787664307381
0 0.1393939393939394 0.06370070778564206 0.06856060606060606 0.06875631951466127
0 0.6629734848484848 0.6721435793731041 0.07784090909090909 0.07381193124368049
0 0.14952651515151516 0.6842770475227502 0.07935606060606061 0.08493427704752275
0 0.5088068181818182 0.3755055611729019 0.07481060606060606 0.07861476238624873