0 0.2533143939393939 0.887639029322548 0.023295454545454546 0.02199191102123357
0 0.2747159090909091 0.8533872598584429 0.024431818181818183 0.028816986855409503
0 0.02869318181818182 0.4757330637007078 0.027083333333333334 0.025278058645096056
0 0.7777462121212121 0.1353640040444894 0.021780303030303032 0.020980788675429726
0 0.8845643939393939 0.9375631951466128 0.029734848484848486 0.03538928210313448
0 0.8027462121212121 0.929474216380182 0.024053030303030302 0.0262891809908999
0 0.7797348484848485 0.96840242669363 0.021212121212121213 0.021739130434782608
0 0.07897727272727273 0.11577350859453994 0.0375 0.04196157735085945
0 0.3411931818181818 0.12108190091001012 0.024431818181818183 0.023255813953488372
0 0.20615530303030302 0.6726491405460061 0.020265151515151514 0.01820020222446916
0 0.2356060606060606 0.7641557128412538 0.03068181818181818 0.03185035389282103
0 0.20539772727272726 0.37790697674418605 0.023674242424242424 0.02578361981799798
0 0.2518939393939394 0.9432507583417593 0.02159090909090909 0.020980788675429726
0 0.9638257575757576 0.9806622851365016 0.035227272727272725 0.03564206268958544
0 0.3013257575757576 0.9710566228513651 0.029166666666666667 0.03210313447927199
0 0.7650568181818181 0.9433771486349848 0.026704545454545453 0.024772497472194135
0 0.2708333333333333 0.6755561172901922 0.02878787878787879 0.035136501516683516
0 0.6193181818181818 0.09491911021233569 0.022727272727272728 0.02199191102123357
0 0.2761363636363636 0.20424671385237614 0.023484848484848483 0.022244691607684528
0 0.6085227272727273 0.6169110212335692 0.02803030303030303 0.033114256825075836
0 0.6522727272727272 0.11311931243680486 0.02159090909090909 0.02148634984833165
0 0.9732954545454545 0.0872093023255814 0.029545454545454545 0.030333670374115267
0 0.768655303030303 0.09833164812942366 0.019886363636363636 0.01870576339737108
0 0.9106060606060606 0.3216632962588473 0.029545454545454545 0.03361981799797775
0 0.08996212121212122 0.36943882709807885 0.02537878787878788 0.03008088978766431
0 0.6693181818181818 0.9514661274014156 0.02159090909090909 0.019716885743174924
0 0.6634469696969697 0.22535389282103135 0.02462121212121212 0.02654196157735086
0 0.3324810606060606 0.9440091001011123 0.021780303030303032 0.023508594539939334
0 0.23712121212121212 0.852881698685541 0.02196969696969697 0.023761375126390292
0 0.9183712121212121 0.9417340748230536 0.02159090909090909 0.02199191102123357
0 0.17954545454545454 0.7956268958543984 0.020454545454545454 0.02249747219413549
0 0.16136363636363638 0.2904448938321537 0.027651515151515153 0.03083923154701719
0 0.45350378787878787 0.29208796764408496 0.01950757575757576 0.020980788675429726
0 0.2678030303030303 0.1416835187057634 0.022727272727272728 0.020980788675429726
0 0.37859848484848485 0.7771739130434783 0.02537878787878788 0.02654196157735086
0 0.3716856060606061 0.5709049544994944 0.03276515151515152 0.0346309403437816
0 0.7142045454545455 0.0916329625884732 0.017424242424242425 0.018958543983822043
0 0.890435606060606 0.7836198179979778 0.023295454545454546 0.023255813953488372
0 0.6415719696969697 0.8897876643073812 0.02215909090909091 0.023761375126390292
0 0.8916666666666667 0.46688574317492415 0.020454545454545454 0.020728008088978768
0 0.21761363636363637 0.8029575328614762 0.02234848484848485 0.020980788675429726
0 0.9892045454545455 0.7122093023255814 0.021212121212121213 0.028058645096056625
0 0.36619318181818183 0.9733316481294236 0.035416666666666666 0.040697674418604654
0 0.5041666666666667 0.7058897876643074 0.03674242424242424 0.03210313447927199
0 0.41543560606060603 0.8934529828109201 0.024053030303030302 0.024519716885743174
0 0.9898674242424242 0.7564459049544995 0.020265151515151514 0.03008088978766431
0 0.2213068181818182 0.35262891809908997 0.02821969696969697 0.027300303336703743
0 0.9045454545454545 0.3894084934277047 0.021212121212121213 0.02249747219413549
0 0.6822916666666666 0.916076845298281 0.02821969696969697 0.03286147623862487
0 0.8600378787878787 0.8415065722952477 0.02537878787878788 0.032355915065722954
0 0.18352272727272728 0.9874873609706775 0.03143939393939394 0.02249747219413549
0 0.6265151515151515 0.9653690596562184 0.02727272727272727 0.028311425682507583
0 0.506534090909091 0.3277300303336704 0.019886363636363636 0.019969666329625886
0 0.27708333333333335 0.3827098078867543 0.019696969696969695 0.02275025278058645
0 0.515719696969697 0.8121840242669363 0.03143939393939394 0.03640040444893832
0 0.8356060606060606 0.9869817997977756 0.026136363636363635 0.025025278058645097
0 0.784375 0.5166835187057633 0.02518939393939394 0.03083923154701719
0 0.5801136363636363 0.8648887765419616 0.02196969696969697 0.02249747219413549
0 0.02850378787878788 0.5200960566228514 0.02821969696969697 0.026036400404448937