0 0.18399621212121212 0.7713599595551062 0.0706439393939394 0.0776036400404449
0 0.18323863636363635 0.08998988877654196 0.05246212121212121 0.056622851365015166
0 0.38513257575757576 0.8935793731041456 0.06571969696969697 0.0692618806875632
0 0.484375 0.2353387259858443 0.06799242424242424 0.06976744186046512
0 0.5254734848484849 0.33872598584428715 0.058143939393939394 0.0692618806875632
0 0.6461174242424242 0.2671890798786653 0.051704545454545454 0.04802831142568251
0 0.3541666666666667 0.24494438827098078 0.05643939393939394 0.054600606673407485
0 0.038825757575757576 0.7058897876643074 0.05113636363636364 0.05030333670374115
0 0.8027462121212121 0.2051314459049545 0.055113636363636365 0.06193124368048534
0 0.0365530303030303 0.650278058645096 0.04583333333333333 0.04979777553083923
0 0.07651515151515151 0.21625379170879677 0.03295454545454545 0.03614762386248736
0 0.28153409090909093 0.6878159757330637 0.08390151515151516 0.08240647118301314
0 0.5892045454545455 0.16380182002022245 0.05795454545454545 0.06167846309403438
0 0.8630681818181818 0.6200707785642062 0.04583333333333333 0.051061678463094035
0 0.522159090909091 0.03703235591506572 0.05 0.05434782608695652
0 0.6272727272727273 0.3262133468149646 0.0696969696969697 0.06900910010111223
0 0.8380681818181818 0.3755055611729019 0.038257575757575754 0.041708796764408494
0 0.47736742424242423 0.7419110212335692 0.05397727272727273 0.05965621840242669
0 0.09384469696969697 0.8902932254802831 0.06306818181818181 0.06268958543983821
0 0.09128787878787879 0.6625379170879676 0.0659090909090909 0.06976744186046512
0 0.221875 0.8586956521739131 0.06420454545454546 0.07330637007077856
0 0.26704545454545453 0.5007583417593529 0.056818181818181816 0.05915065722952477
0 0.956155303030303 0.20096056622851366 0.04147727272727273 0.0455005055611729
0 0.3040719696969697 0.2095551061678463 0.04715909090909091 0.0525783619817998
0 0.171875 0.4030586450960566 0.07518939393939394 0.08164812942366026
0 0.19204545454545455 0.23660262891809908 0.07348484848484849 0.07381193124368049
0 0.8285037878787879 0.3191354903943377 0.06420454545454546 0.06648129423660262
0 0.022727272727272728 0.9178463094034378 0.045454545454545456 0.06420626895854398
0 0.359375 0.381319514661274 0.08200757575757575 0.08215369059656219
0 0.6457386363636364 0.49203741152679475 0.05284090909090909 0.05283114256825076
0 0.7325757575757575 0.5342517694641051 0.048484848484848485 0.04929221435793731
0 0.8416666666666667 0.12449443882709808 0.045075757575757575 0.048281092012133466
0 0.8555871212121212 0.17429221435793732 0.040340909090909094 0.042719919110212334
0 0.6857954545454545 0.711071789686552 0.04053030303030303 0.0455005055611729
0 0.2759469696969697 0.320525783619818 0.05 0.0525783619817998
0 0.7661931818181819 0.6088220424671386 0.04602272727272727 0.04929221435793731
0 0.08276515151515151 0.4507077856420627 0.06931818181818182 0.06268958543983821
0 0.17386363636363636 0.16418099089989888 0.05265151515151515 0.05839231547017189
0 0.9238636363636363 0.9356673407482305 0.04924242424242424 0.05131445904954499
0 0.5934659090909091 0.6713852376137512 0.050189393939393936 0.05358948432760364
0 0.7359848484848485 0.829752275025278 0.05454545454545454 0.05889787664307381
0 0.04081439393939394 0.36387765419615775 0.0668560606060606 0.07204246713852376
0 0.24895833333333334 0.09213852376137513 0.06571969696969697 0.06900910010111223
0 0.18664772727272727 0.6782103134479271 0.040340909090909094 0.03943377148634985
0 0.9702651515151515 0.7354651162790697 0.05265151515151515 0.055864509605662284
0 0.07206439393939394 0.5482810920121335 0.07026515151515152 0.07532861476238625
0 0.9273674242424242 0.36981799797775533 0.03314393939393939 0.03286147623862487
0 0.6761363636363636 0.01693629929221436 0.045075757575757575 0.03387259858442872
0 0.1359848484848485 0.5332406471183013 0.048863636363636366 0.04979777553083923
0 0.9474431818181818 0.6209555106167847 0.04753787878787879 0.04929221435793731
0 0.7284090909090909 0.27515166835187055 0.05643939393939394 0.059403437815975735
0 0.9386363636363636 0.787917087967644 0.03598484848484849 0.042467138523761376
0 0.8642045454545455 0.7282608695652174 0.03636363636363636 0.03286147623862487
0 0.465625 0.30156723963599597 0.04109848484848485 0.03993933265925177
0 0.909375 0.18832153690596562 0.03125 0.029322548028311426
0 0.42329545454545453 0.13422649140546006 0.04772727272727273 0.04903943377148635
0 0.1009469696969697 0.4000252780586451 0.04015151515151515 0.03867542972699697
0 0.8909090909090909 0.5290697674418605 0.028409090909090908 0.030333670374115267
0 0.9821969696969697 0.5875884732052579 0.035606060606060606 0.05434782608695652
0 0.9162878787878788 0.0262891809908999 0.0571969696969697 0.0525783619817998
0 0.1862689393939394 0.009858442871587462 0.03996212121212121 0.019716885743174924
0 0.06638257575757575 0.02704752275025278 0.05738636363636364 0.05409504550050556
0 0.08825757575757576 0.11071789686552073 0.03939393939393939 0.04701718907987867
0 0.8025568181818182 0.798407482305359 0.042234848484848486 0.046258847320525785
0 0.6295454545454545 0.4365520728008089 0.055303030303030305 0.0525783619817998
0 0.4420454545454545 0.9787664307381193 0.06856060606060606 0.04196157735085945
0 0.9400568181818182 0.311046511627907 0.033522727272727273 0.04120323559150657
0 0.403125 0.301061678463094 0.05435606060606061 0.057633973710819006
0 0.8366477272727273 0.06054095045500506 0.04602272727272727 0.0467644084934277
0 0.8756628787878787 0.3608442871587462 0.03238636363636364 0.03361981799797775
0 0.00946969696969697 0.30611729019211326 0.01893939393939394 0.04600606673407482
0 0.537405303030303 0.11514155712841254 0.07140151515151515 0.0659757330637007
0 0.7361742424242425 0.02578361981799798 0.042045454545454546 0.05156723963599596
0 0.9579545454545455 0.9847067745197169 0.042045454545454546 0.028564206268958545
0 0.2734848484848485 0.7741405460060667 0.04583333333333333 0.05333670374115268
0 0.25416666666666665 0.15583923154701718 0.05113636363636364 0.05535894843276037
0 0.014299242424242424 0.22080384226491406 0.02859848484848485 0.03260869565217391
0 0.977935606060606 0.8215369059656218 0.04337121212121212 0.06066734074823053
0 0.4993371212121212 0.5453741152679474 0.06117424242424242 0.0609201213346815
0 0.22897727272727272 0.02641557128412538 0.05946969696969697 0.05283114256825076
0 0.6774621212121212 0.6199443882709808 0.056818181818181816 0.051820020222446916
0 0.31789772727272725 0.9323811931243681 0.07518939393939394 0.0826592517694641
0 0.29043560606060603 0.024014155712841254 0.05473484848484848 0.04802831142568251
0 0.9456439393939394 0.5237613751263903 0.05454545454545454 0.05611729019211325
0 0.6493371212121212 0.11956521739130435 0.03579545454545455 0.038928210313447925
0 0.756155303030303 0.11589989888776542 0.04791666666666667 0.056875631951466124
0 0.03333333333333333 0.7621334681496461 0.045075757575757575 0.051061678463094035
0 0.12291666666666666 0.03488372093023256 0.07007575757575757 0.06976744186046512
0 0.32054924242424243 0.6132457027300303 0.05284090909090909 0.06066734074823053
0 0.8446969696969697 0.01870576339737108 0.05757575757575758 0.03741152679474216
0 0.1071969696969697 0.9751011122345804 0.048863636363636366 0.042719919110212334
0 0.912594696969697 0.21638018200202225 0.02859848484848485 0.02679474216380182
0 0.46202651515151516 0.40470171890798784 0.04412878787878788 0.046511627906976744
0 0.13740530303030302 0.21751769464105156 0.0365530303030303 0.04929221435793731
0 0.4413825757575758 0.8585692618806876 0.055492424242424246 0.053842264914054604
0 0.20615530303030302 0.977123356926188 0.0490530303030303 0.04474216380182002
0 0.9674242424242424 0.4532355915065723 0.037121212121212124 0.034378159757330634
0 0.7202651515151515 0.16645601617795752 0.04924242424242424 0.046258847320525785
0 0.37670454545454546 0.5688827098078868 0.051515151515151514 0.051820020222446916
0 0.40075757575757576 0.753159757330637 0.06060606060606061 0.05283114256825076
0 0.8363636363636363 0.839989888776542 0.03295454545454545 0.034378159757330634
0 0.9291666666666667 0.07444388270980788 0.042045454545454546 0.042719919110212334
0 0.13229166666666667 0.3059908998988878 0.04071969696969697 0.041708796764408494