0 0.35170454545454544 0.7134732052578362 0.12840909090909092 0.1327098078867543
0 0.49204545454545456 0.91051567239636 0.11212121212121212 0.12891809908998988
0 0.16221590909090908 0.10401921132457027 0.11534090909090909 0.128159757330637
0 0.18257575757575759 0.910768452982811 0.11060606060606061 0.12285136501516683
0 0.4471590909090909 0.564206268958544 0.11212121212121212 0.12335692618806876
0 0.5555871212121212 0.7368554095045501 0.10776515151515151 0.12032355915065723
0 0.07329545454545454 0.42340748230535896 0.08863636363636364 0.0955510616784631
0 0.24668560606060605 0.40040444893832156 0.10625 0.11627906976744186
0 0.07490530303030303 0.6031344792719919 0.10473484848484849 0.1172901921132457
0 0.9535037878787879 0.6663296258847321 0.09261363636363637 0.10717896865520728
0 0.7332386363636364 0.5538422649140546 0.10321969696969698 0.10920121334681497
0 0.47045454545454546 0.44426188068756317 0.08257575757575758 0.07962588473205258
0 0.8960227272727272 0.06799797775530839 0.08409090909090909 0.0935288169868554
0 0.26486742424242427 0.23559150657229525 0.09526515151515151 0.09251769464105157
0 0.5634469696969697 0.14598078867542974 0.10492424242424242 0.10692618806875633
0 0.9256628787878788 0.17669362992922144 0.07935606060606061 0.08543983822042467
0 0.9055871212121213 0.9169615773508595 0.07102272727272728 0.0776036400404449
0 0.9577651515151515 0.8536400404448938 0.07424242424242425 0.08190091001011122
0 0.9734848484848485 0.10022750252780586 0.05265151515151515 0.07153690596562184
0 0.9327651515151515 0.4403437815975733 0.07386363636363637 0.07381193124368049
0 0.6207386363636364 0.35856926188068755 0.08162878787878788 0.10439838220424671
0 0.8788825757575758 0.6999494438827099 0.06496212121212121 0.0672396359959555
0 0.9737689393939394 0.38056117290192115 0.05246212121212121 0.07457027300303337
0 0.1731060606060606 0.7809656218402427 0.10454545454545454 0.1018705763397371
0 0.6009469696969697 0.5528311425682507 0.06325757575757576 0.0692618806875632
0 0.6577651515151515 0.07128412537917088 0.09962121212121212 0.10262891809908999
0 0.9571969696969697 0.9726996966632963 0.060227272727272727 0.05358948432760364
0 0.31666666666666665 0.07444388270980788 0.09090909090909091 0.09277047522750252
0 0.15151515151515152 0.47143579373104144 0.07045454545454545 0.08695652173913043
0 0.3509469696969697 0.38688068756319516 0.056818181818181816 0.05131445904954499
0 0.1665719696969697 0.26643073811931245 0.07178030303030303 0.07128412537917088
0 0.8868371212121212 0.5388018200202225 0.03920454545454546 0.04019211324570273
0 0.9821022727272727 0.5337462082912032 0.035037878787878785 0.05333670374115268
0 0.734375 0.33506066734074824 0.04602272727272727 0.061425682507583415
0 0.9081439393939394 0.35730535894843274 0.0446969696969697 0.05030333670374115
0 0.9627840909090909 0.2937310414560162 0.07291666666666667 0.07785642062689585
0 0.8533143939393939 0.17138523761375127 0.05965909090909091 0.06268958543983821
0 0.784375 0.21170374115267948 0.048295454545454544 0.04979777553083923