0 0.3047348484848485 0.19792719919110213 0.13977272727272727 0.13346814964610718
0 0.6440340909090909 0.3948432760364004 0.11420454545454546 0.12285136501516683
0 0.2359848484848485 0.36450960566228513 0.1159090909090909 0.13144590495449948
0 0.5449810606060606 0.5082153690596563 0.11571969696969697 0.13776541961577352
0 0.5517992424242424 0.15596562184024268 0.10018939393939394 0.1268958543983822
0 0.03380681818181818 0.7958796764408493 0.06761363636363636 0.10945399393326592
0 0.06761363636363636 0.43111729019211326 0.10454545454545454 0.10995955510616785
0 0.02149621212121212 0.3137007077856421 0.04299242424242424 0.07482305358948432
0 0.671875 0.5102376137512639 0.10511363636363637 0.11400404448938321
0 0.8234848484848485 0.38511122345803844 0.06742424242424243 0.07254802831142568
0 0.03125 0.21587462082912032 0.0625 0.11627906976744186
0 0.35189393939393937 0.5757077856420627 0.07462121212121212 0.07305358948432761
0 0.4179924242424242 0.8834681496461072 0.06780303030303031 0.06471183013144591
0 0.684564393939394 0.961577350859454 0.09564393939393939 0.07633973710819009
0 0.8051136363636363 0.6175429726996967 0.06704545454545455 0.0717896865520728
0 0.5303030303030303 0.6918604651162791 0.05568181818181818 0.05813953488372093
0 0.18475378787878788 0.5916329625884732 0.07784090909090909 0.08367037411526795
0 0.038636363636363635 0.036526794742163804 0.07083333333333333 0.07305358948432761
0 0.3734848484848485 0.30358948432760363 0.05795454545454545 0.05915065722952477
0 0.7102272727272727 0.8565470171890799 0.06893939393939394 0.06648129423660262
0 0.6372159090909091 0.6300556117290192 0.07556818181818181 0.08771486349848331
0 0.9152462121212122 0.15331142568250758 0.06761363636363636 0.08215369059656219
0 0.6365530303030303 0.8326592517694641 0.07121212121212121 0.07836198179979778
0 0.8213068181818182 0.28437815975733066 0.0831439393939394 0.08645096056622852
0 0.8622159090909091 0.8249494438827099 0.07253787878787879 0.07204246713852376
0 0.9732954545454545 0.4882457027300303 0.05303030303030303 0.06799797775530839
0 0.09412878787878788 0.9151921132457027 0.09924242424242424 0.1134984833164813
0 0.587405303030303 0.25214863498483314 0.07746212121212122 0.08114256825075834
0 0.8920454545454546 0.43111729019211326 0.08446969696969697 0.08518705763397372
0 0.9509469696969697 0.9596814964610718 0.09772727272727273 0.07962588473205258
0 0.9297348484848484 0.8128159757330637 0.06628787878787878 0.06243680485338726
0 0.01240530303030303 0.5887259858442871 0.02481060606060606 0.07128412537917088
0 0.1018939393939394 0.6547017189079879 0.08598484848484848 0.09858442871587463
0 0.0971590909090909 0.3313953488372093 0.05946969696969697 0.0692618806875632
0 0.9025568181818182 0.7515166835187057 0.05132575757575757 0.05409504550050556
0 0.6952651515151516 0.7851365015166836 0.06439393939393939 0.06370070778564206
0 0.6422348484848485 0.034757330637007075 0.06856060606060606 0.06951466127401415
0 0.3569128787878788 0.3746208291203236 0.06079545454545455 0.06370070778564206
0 0.3716856060606061 0.9714357937310415 0.08768939393939394 0.056622851365015166
0 0.20255681818181817 0.6663296258847321 0.07632575757575757 0.08088978766430738
0 0.9817234848484848 0.7814711830131446 0.03617424242424242 0.09529828109201213
0 0.5442234848484848 0.8216632962588474 0.058522727272727275 0.05434782608695652
0 0.8404356060606061 0.7448179979777553 0.07367424242424242 0.07305358948432761
0 0.2956439393939394 0.8952224469160769 0.07954545454545454 0.0872093023255814
0 0.16477272727272727 0.19021739130434784 0.0856060606060606 0.07861476238624873
0 0.9390151515151515 0.6093276036400405 0.05037878787878788 0.05232558139534884
0 0.593844696969697 0.9754802831142568 0.07670454545454546 0.04802831142568251
0 0.740814393939394 0.06964105156723964 0.061553030303030304 0.06698685540950455
0 0.43257575757575756 0.8197674418604651 0.05075757575757576 0.047522750252780584
0 0.228125 0.9787664307381193 0.06079545454545455 0.04196157735085945
0 0.3039772727272727 0.029196157735085944 0.0981060606060606 0.05839231547017189
0 0.18115530303030303 0.4782608695652174 0.07518939393939394 0.08240647118301314
0 0.753125 0.40015166835187055 0.06420454545454546 0.06016177957532862
0 0.09952651515151516 0.2549292214357937 0.07973484848484849 0.09580384226491405
0 0.47878787878787876 0.8353134479271992 0.04090909090909091 0.03918099089989889
0 0.471875 0.2780586450960566 0.07746212121212122 0.06622851365015167
0 0.45482954545454546 0.6689838220424671 0.05965909090909091 0.06648129423660262
0 0.9055871212121213 0.8804347826086957 0.06761363636363636 0.0672396359959555