0 0.5472537878787879 0.6917340748230536 0.12178030303030303 0.12360970677451971
0 0.7400568181818182 0.7537917087967644 0.11496212121212121 0.12841253791708795
0 0.4420454545454545 0.17922143579373104 0.11363636363636363 0.1263902932254803
0 0.903125 0.4422396359959555 0.11079545454545454 0.128159757330637
0 0.7357954545454546 0.3993933265925177 0.10378787878787879 0.10717896865520728
0 0.49630681818181815 0.9229019211324571 0.12102272727272727 0.134479271991911
0 0.8690340909090909 0.6025025278058646 0.10776515151515151 0.11097067745197169
0 0.8791666666666667 0.8743680485338726 0.13333333333333333 0.14964610717896865
0 0.6756628787878788 0.6385237613751263 0.12518939393939393 0.14560161779575329
0 0.9513257575757575 0.72762891809909 0.09583333333333334 0.11804853387259859
0 0.20615530303030302 0.42163801820020225 0.09791666666666667 0.10819009100101112
0 0.40918560606060606 0.452098078867543 0.09678030303030304 0.10995955510616785
0 0.39924242424242423 0.7650404448938322 0.11818181818181818 0.1261375126390293
0 0.13399621212121213 0.9441354903943378 0.10132575757575757 0.10920121334681497
0 0.31666666666666665 0.5108695652173914 0.08636363636363636 0.09302325581395349
0 0.18238636363636362 0.724721941354904 0.07272727272727272 0.08291203235591507
0 0.05473484848484848 0.44122851365015164 0.06098484848484848 0.06445904954499494
0 0.18238636363636362 0.6353640040444893 0.09128787878787879 0.08923154701718908
0 0.07831439393939393 0.5045500505561172 0.07291666666666667 0.0859453993933266
0 0.28664772727272725 0.20083417593528816 0.08162878787878788 0.08468149646107179
0 0.14725378787878787 0.2807128412537917 0.08049242424242424 0.08367037411526795
0 0.7352272727272727 0.13637512639029323 0.09393939393939393 0.09074823053589484
0 0.6982954545454545 0.9662537917087968 0.07727272727272727 0.06648129423660262
0 0.8879734848484848 0.12575834175935288 0.0668560606060606 0.0801314459049545
0 0.7577651515151516 0.2462082912032356 0.0803030303030303 0.07987866531850354
0 0.05454545454545454 0.5998483316481295 0.06893939393939394 0.07937310414560161
0 0.032196969696969696 0.17922143579373104 0.06401515151515151 0.07381193124368049
0 0.5865530303030303 0.45285642062689585 0.09204545454545454 0.09833164812942366
0 0.5575757575757576 0.31066734074823055 0.06742424242424243 0.06471183013144591
0 0.12007575757575757 0.11526794742163801 0.06098484848484848 0.06521739130434782
0 0.9827651515151515 0.4283367037411527 0.03446969696969697 0.08771486349848331
0 0.3503787878787879 0.09175935288169869 0.06893939393939394 0.06825075834175935
0 0.7136363636363636 0.4890040444893832 0.07954545454545454 0.08822042467138523
0 0.8920454545454546 0.027679474216380184 0.06704545454545455 0.05535894843276037
0 0.10757575757575757 0.6959049544994944 0.06060606060606061 0.06268958543983821