0 0.9650568181818182 0.4440091001011122 0.06988636363636364 0.10995955510616785
0 0.678125 0.31622851365015164 0.06268939393939393 0.07027300303336703
0 0.17490530303030302 0.3832153690596562 0.05056818181818182 0.0525783619817998
0 0.8774621212121212 0.09239130434782608 0.058712121212121215 0.05839231547017189
0 0.29611742424242427 0.2649140546006067 0.06496212121212121 0.06825075834175935
0 0.24043560606060607 0.945525783619818 0.06420454545454546 0.06749241658240647
0 0.9388257575757576 0.2731294236602629 0.075 0.07810920121334682
0 0.8916666666666667 0.35401921132457026 0.05757575757575758 0.05990899898887765
0 0.11647727272727272 0.3288675429726997 0.06628787878787878 0.07229524772497473
0 0.8769886363636363 0.23698179979777553 0.06534090909090909 0.06445904954499494
0 0.2109848484848485 0.7761627906976745 0.06098484848484848 0.0634479271991911
0 0.8145833333333333 0.029828109201213347 0.0821969696969697 0.05965621840242669
0 0.10350378787878788 0.0358948432760364 0.07367424242424242 0.0717896865520728
0 0.7731060606060606 0.5446157735085946 0.06325757575757576 0.06547017189079879
0 0.9696022727272727 0.027679474216380184 0.05928030303030303 0.05535894843276037
0 0.569034090909091 0.35262891809908997 0.06041666666666667 0.06016177957532862
0 0.7283143939393939 0.8498483316481295 0.07670454545454546 0.08088978766430738
0 0.8893939393939394 0.676314459049545 0.07196969696969698 0.07810920121334682
0 0.603125 0.2685793731041456 0.06306818181818181 0.06193124368048534
0 0.18598484848484848 0.19122851365015167 0.03333333333333333 0.03361981799797775
0 0.6602272727272728 0.5873356926188069 0.08446969696969697 0.09277047522750252
0 0.4728219696969697 0.23761375126390294 0.06912878787878787 0.07077856420626896
0 0.9011363636363636 0.9130434782608695 0.0928030303030303 0.08645096056622852
0 0.015435606060606061 0.05346309403437816 0.030871212121212122 0.03918099089989889
0 0.975 0.33417593528816986 0.05 0.06622851365015167
0 0.5088068181818182 0.7118301314459049 0.03162878787878788 0.036905965621840245
0 0.27329545454545456 0.48255813953488375 0.048484848484848485 0.050050556117290194
0 0.421969696969697 0.023508594539939334 0.05643939393939394 0.04701718907987867
0 0.356155303030303 0.7569514661274014 0.033901515151515155 0.03614762386248736
0 0.11363636363636363 0.7841253791708797 0.0803030303030303 0.08645096056622852
0 0.7712121212121212 0.0987108190091001 0.04734848484848485 0.04524772497472194
0 0.3143939393939394 0.858948432760364 0.03598484848484849 0.04095045500505561
0 0.03238636363636364 0.14244186046511628 0.029924242424242423 0.033114256825075836