0 0.8859848484848485 0.5447421638018201 0.07424242424242425 0.07532861476238625
0 0.48134469696969695 0.40457532861476236 0.042234848484848486 0.04120323559150657
0 0.8575757575757575 0.30535894843276035 0.07575757575757576 0.07836198179979778
0 0.39043560606060607 0.7153690596562184 0.03617424242424242 0.038928210313447925
0 0.8809659090909091 0.3772750252780586 0.04753787878787879 0.04929221435793731
0 0.37471590909090907 0.781850353892821 0.042234848484848486 0.0455005055611729
0 0.868655303030303 0.9585439838220424 0.08162878787878788 0.08190091001011122
0 0.30956439393939394 0.7546764408493428 0.04299242424242424 0.04929221435793731
0 0.725284090909091 0.8791708796764408 0.07632575757575757 0.08543983822042467
0 0.3053977272727273 0.9767441860465116 0.06117424242424242 0.0455005055611729
0 0.8821969696969697 0.667087967644085 0.07121212121212121 0.0717896865520728
0 0.7865530303030303 0.8599595551061678 0.03484848484848485 0.03842264914054601
0 0.4774621212121212 0.5133973710819009 0.03484848484848485 0.038928210313447925
0 0.7703598484848485 0.07924671385237614 0.06571969696969697 0.06193124368048534
0 0.8618371212121212 0.14825581395348839 0.10776515151515151 0.10085945399393327
0 0.778125 0.7347067745197169 0.07215909090909091 0.0801314459049545
0 0.45890151515151517 0.9787664307381193 0.04962121212121212 0.04196157735085945
0 0.2552083333333333 0.6739130434782609 0.04071969696969697 0.04095045500505561
0 0.5129734848484848 0.6078109201213346 0.02784090909090909 0.03210313447927199
0 0.2002840909090909 0.3288675429726997 0.04299242424242424 0.03741152679474216
0 0.9861742424242425 0.9558897876643074 0.026893939393939394 0.047269969666329625
0 0.030397727272727274 0.9520980788675429 0.040340909090909094 0.0442366026289181
0 0.4654356060606061 0.16228513650151669 0.029734848484848486 0.03083923154701719
0 0.47556818181818183 0.4570273003033367 0.033712121212121214 0.038928210313447925
0 0.3588068181818182 0.9804095045500506 0.04375 0.03816986855409504
0 0.4986742424242424 0.8043478260869565 0.03598484848484849 0.034378159757330634
0 0.2402462121212121 0.9754802831142568 0.07329545454545454 0.04802831142568251
0 0.1275568181818182 0.9047017189079879 0.04602272727272727 0.047522750252780584
0 0.915625 0.8670374115267947 0.055113636363636365 0.05965621840242669
0 0.5007575757575757 0.6531850353892821 0.042045454545454546 0.043478260869565216
0 0.2773674242424242 0.8048533872598584 0.029734848484848486 0.034378159757330634
0 0.9234848484848485 0.23887765419615772 0.08181818181818182 0.0692618806875632
0 0.712215909090909 0.9450202224469161 0.032007575757575756 0.03564206268958544
0 0.2785984848484849 0.8535136501516684 0.04015151515151515 0.048281092012133466
0 0.078125 0.21183013144590496 0.02518939393939394 0.024266936299292215
0 0.03513257575757576 0.708417593528817 0.04071969696969697 0.04575328614762386
0 0.5388257575757576 0.45601617795753285 0.03257575757575758 0.03538928210313448