0 0.5943181818181819 0.48887765419615775 0.1159090909090909 0.1319514661274014
0 0.5397727272727273 0.047522750252780584 0.0821969696969697 0.08645096056622852
0 0.8270833333333333 0.03867542972699697 0.10075757575757575 0.07735085945399393
0 0.8703598484848485 0.18377148634984833 0.06875 0.07381193124368049
0 0.9591856060606061 0.4648634984833165 0.07102272727272728 0.0717896865520728
0 0.7079545454545455 0.6012386248736097 0.08863636363636364 0.10288169868554095
0 0.8588068181818181 0.8485844287158746 0.06912878787878787 0.07735085945399393
0 0.4422348484848485 0.49759858442871585 0.07916666666666666 0.07810920121334682
0 0.051893939393939395 0.4967138523761375 0.09886363636363636 0.10920121334681497
0 0.07708333333333334 0.945525783619818 0.07537878787878788 0.07457027300303337
0 0.35700757575757575 0.05358948432760364 0.08333333333333333 0.08998988877654196
0 0.07869318181818181 0.11172901921132457 0.07897727272727273 0.08088978766430738
0 0.014678030303030304 0.14244186046511628 0.029356060606060608 0.06900910010111223
0 0.6323863636363637 0.056243680485338725 0.06742424242424243 0.07457027300303337
0 0.19043560606060606 0.9625884732052579 0.1009469696969697 0.0743174924165824
0 0.9672348484848485 0.21195652173913043 0.06477272727272727 0.07406471183013144
0 0.618844696969697 0.16885743174924167 0.08579545454545455 0.09251769464105157
0 0.14081439393939393 0.45601617795753285 0.06723484848484848 0.07836198179979778
0 0.39100378787878787 0.43124368048533873 0.07632575757575757 0.08442871587462084
0 0.7375946969696969 0.4494438827098079 0.07140151515151515 0.07381193124368049
0 0.178125 0.06471183013144591 0.07102272727272728 0.07987866531850354
0 0.48920454545454545 0.1543225480283114 0.054924242424242424 0.0609201213346815