0 0.12831439393939395 0.2513902932254803 0.0365530303030303 0.03867542972699697
0 0.07793560606060607 0.3988877654196158 0.03465909090909091 0.03943377148634985
0 0.045643939393939396 0.43832153690596565 0.0446969696969697 0.047522750252780584
0 0.5711174242424243 0.8417593528816987 0.052083333333333336 0.05813953488372093
0 0.029166666666666667 0.38789180990899896 0.03977272727272727 0.042719919110212334
0 0.6378787878787879 0.9273255813953488 0.033712121212121214 0.0371587462082912
0 0.25539772727272725 0.670247724974722 0.04147727272727273 0.05131445904954499
0 0.041856060606060605 0.5003791708796764 0.03636363636363636 0.04019211324570273
0 0.16827651515151515 0.49001516683518703 0.05246212121212121 0.0609201213346815
0 0.1662878787878788 0.359201213346815 0.038636363636363635 0.04499494438827098
0 0.026515151515151516 0.1552072800808898 0.03787878787878788 0.04044489383215369
0 0.1555871212121212 0.5472699696663297 0.03958333333333333 0.03943377148634985
0 0.051515151515151514 0.5611729019211324 0.05265151515151515 0.0525783619817998
0 0.03740530303030303 0.6274014155712841 0.0365530303030303 0.03943377148634985
0 0.05615530303030303 0.28753791708796766 0.04299242424242424 0.041708796764408494
0 0.1303030303030303 0.5941607684529828 0.05265151515151515 0.050808897876643076
0 0.7290719696969697 0.9562689585439839 0.04943181818181818 0.04903943377148635
0 0.12774621212121212 0.45020222446916075 0.0365530303030303 0.03993933265925177
0 0.3793560606060606 0.9299797775530839 0.048106060606060604 0.05308392315470172
0 0.12840909090909092 0.29777553083923153 0.04734848484848485 0.04853387259858443
0 0.32585227272727274 0.9767441860465116 0.06458333333333334 0.0455005055611729
0 0.49015151515151517 0.6059150657229525 0.05946969696969697 0.055611729019211326
0 0.18238636363636362 0.6713852376137512 0.04583333333333333 0.0525783619817998
0 0.7303977272727272 0.906850353892821 0.05246212121212121 0.05030333670374115
0 0.12954545454545455 0.3943377148634985 0.051515151515151514 0.05308392315470172
0 0.26325757575757575 0.4058392315470172 0.041666666666666664 0.051820020222446916
0 0.5273674242424242 0.8743680485338726 0.041856060606060605 0.041456016177957536
0 0.26335227272727274 0.28425176946410513 0.033522727272727273 0.0371587462082912
0 0.9818181818181818 0.9385743174924166 0.03636363636363636 0.0672396359959555
0 0.3819128787878788 0.464737108190091 0.051704545454545454 0.05283114256825076
0 0.08617424242424243 0.03627401415571284 0.032196969696969696 0.0371587462082912
0 0.9681818181818181 0.36501516683518703 0.04962121212121212 0.04954499494438827
0 0.3620265151515151 0.7493680485338726 0.035037878787878785 0.03361981799797775
0 0.1846590909090909 0.26744186046511625 0.04318181818181818 0.04903943377148635
0 0.4356060606060606 0.4381951466127401 0.032196969696969696 0.03614762386248736
0 0.21420454545454545 0.9728260869565217 0.05909090909090909 0.05232558139534884
0 0.16051136363636365 0.12929726996966634 0.04071969696969697 0.047269969666329625
0 0.014678030303030304 0.29979777553083925 0.029356060606060608 0.034378159757330634
0 0.8630681818181818 0.8671638018200202 0.031818181818181815 0.0346309403437816
0 0.21240530303030303 0.4191102123356926 0.04791666666666667 0.05156723963599596
0 0.8880681818181818 0.830005055611729 0.0375 0.03968655207280081
0 0.07850378787878788 0.6045247724974722 0.03314393939393939 0.0346309403437816
0 0.5991477272727272 0.16001011122345804 0.051704545454545454 0.052072800808897875
0 0.26477272727272727 0.53551567239636 0.03446969696969697 0.03867542972699697
0 0.8133522727272727 0.7460819009100101 0.02556818181818182 0.024519716885743174
0 0.8857954545454545 0.9025530839231547 0.029924242424242423 0.029069767441860465
0 0.6829545454545455 0.9284630940343782 0.03598484848484849 0.03286147623862487
0 0.9910984848484848 0.7230788675429727 0.017803030303030303 0.025530839231547017
0 0.8622159090909091 0.5348837209302325 0.03238636363636364 0.03538928210313448
0 0.30037878787878786 0.3569261880687563 0.04734848484848485 0.04903943377148635
0 0.16524621212121213 0.21183013144590496 0.03125 0.03387259858442872
0 0.4559659090909091 0.6705005055611729 0.04753787878787879 0.05030333670374115
0 0.48276515151515154 0.054600606673407485 0.04962121212121212 0.05055611729019211
0 0.8647727272727272 0.749747219413549 0.03068181818181818 0.033367037411526794
0 0.4381628787878788 0.050808897876643076 0.035416666666666666 0.03286147623862487
0 0.23513257575757576 0.7731294236602629 0.04147727272727273 0.03665318503538928
0 0.915340909090909 0.7506319514661274 0.025 0.02300303336703741
0 0.31477272727272726 0.8800556117290192 0.0375 0.048281092012133466
0 0.5587121212121212 0.5037917087967644 0.04318181818181818 0.0429726996966633
0 0.37992424242424244 0.5475227502527806 0.04015151515151515 0.044489383215369056
0 0.7856060606060606 0.7282608695652174 0.02878787878787879 0.030333670374115267
0 0.5541666666666667 0.9103892821031345 0.03901515151515152 0.042719919110212334
0 0.25918560606060603 0.2287664307381193 0.038446969696969695 0.03640040444893832
0 0.33304924242424244 0.9290950455005056 0.04337121212121212 0.041708796764408494
0 0.04147727272727273 0.6773255813953488 0.04772727272727273 0.04777553083923155
0 0.20350378787878787 0.31610212335692617 0.029356060606060608 0.028564206268958545
0 0.21401515151515152 0.1635490394337715 0.029924242424242423 0.03185035389282103
0 0.9317234848484849 0.8848584428715874 0.056628787878787876 0.0609201213346815
0 0.4022727272727273 0.6019969666329625 0.03636363636363636 0.03816986855409504
0 0.406155303030303 0.6467391304347826 0.05246212121212121 0.06749241658240647
0 0.08361742424242424 0.09757330637007078 0.052083333333333336 0.050050556117290194
0 0.2799242424242424 0.8185035389282103 0.04621212121212121 0.0525783619817998
0 0.019223484848484847 0.8061172901921132 0.038446969696969695 0.06370070778564206
0 0.08361742424242424 0.9279575328614762 0.045265151515151515 0.04954499494438827
0 0.3390151515151515 0.4705510616784631 0.03257575757575758 0.0346309403437816
0 0.8747159090909091 0.9478008088978767 0.045265151515151515 0.04322548028311426
0 0.35189393939393937 0.3790444893832154 0.03901515151515152 0.03918099089989889
0 0.2734848484848485 0.4730788675429727 0.048484848484848485 0.05283114256825076
0 0.08617424242424243 0.1672143579373104 0.029545454545454545 0.0346309403437816
0 0.03115530303030303 0.7253538928210314 0.04753787878787879 0.04474216380182002
0 0.3386363636363636 0.6758088978766431 0.04242424242424243 0.03816986855409504
0 0.11505681818181818 0.0429726996966633 0.027083333333333334 0.02275025278058645
0 0.978125 0.6929979777553084 0.023295454545454546 0.024519716885743174
0 0.18295454545454545 0.7664307381193124 0.03409090909090909 0.03943377148634985
0 0.030113636363636363 0.04373104145601618 0.051515151515151514 0.05864509605662285
0 0.46136363636363636 0.1845298281092012 0.03636363636363636 0.04095045500505561
0 0.10956439393939393 0.7256066734074823 0.042234848484848486 0.042719919110212334
0 0.9825757575757575 0.8559150657229525 0.03484848484848485 0.05409504550050556
0 0.6481060606060606 0.19261880687563196 0.048106060606060604 0.052072800808897875
0 0.662784090909091 0.45601617795753285 0.05359848484848485 0.04853387259858443
0 0.8089962121212121 0.8191354903943378 0.028977272727272727 0.03058645096056623
0 0.6557765151515151 0.8000505561172901 0.03617424242424242 0.033367037411526794