0 0.7386363636363636 0.6193124368048534 0.04621212121212121 0.04903943377148635
0 0.3452651515151515 0.6957785642062689 0.05037878787878788 0.05283114256825076
0 0.18598484848484848 0.9448938321536906 0.048106060606060604 0.046511627906976744
0 0.9863636363636363 0.8421385237613751 0.026515151515151516 0.03159757330637007
0 0.8363636363636363 0.5867037411526794 0.03106060606060606 0.03741152679474216
0 0.8526515151515152 0.871587462082912 0.02196969696969697 0.02578361981799798
0 0.03153409090909091 0.920247724974722 0.04299242424242424 0.046258847320525785
0 0.8517045454545454 0.9844539939332659 0.03939393939393939 0.028058645096056625
0 0.6061553030303031 0.8048533872598584 0.05473484848484848 0.06016177957532862
0 0.549905303030303 0.7925935288169869 0.05056818181818182 0.05283114256825076
0 0.2606060606060606 0.9405965621840243 0.03409090909090909 0.036905965621840245
0 0.8721590909090909 0.9456521739130435 0.027651515151515153 0.028311425682507583
0 0.8109848484848485 0.8485844287158746 0.04318181818181818 0.043478260869565216
0 0.7338068181818181 0.33594539939332657 0.032007575757575756 0.0358948432760364
0 0.08011363636363636 0.9148129423660263 0.06060606060606061 0.05358948432760364
0 0.6211174242424242 0.5048028311425683 0.048295454545454544 0.04903943377148635
0 0.7604166666666666 0.685793731041456 0.03446969696969697 0.03538928210313448
0 0.3652462121212121 0.8963599595551062 0.03768939393939394 0.04398382204246714
0 0.8785037878787879 0.47535389282103135 0.06420454545454546 0.0755813953488372
0 0.4972537878787879 0.6993174924165824 0.03162878787878788 0.033114256825075836
0 0.07613636363636364 0.9595551061678463 0.028409090909090908 0.030333670374115267
0 0.8223484848484849 0.7951213346814965 0.05303030303030303 0.056875631951466124
0 0.315625 0.75 0.02821969696969697 0.030333670374115267
0 0.7083333333333334 0.288422649140546 0.03674242424242424 0.0455005055611729
0 0.010606060606060607 0.8757583417593529 0.021212121212121213 0.04019211324570273
0 0.5289772727272727 0.5366531850353893 0.026893939393939394 0.029828109201213347
0 0.9129734848484848 0.7167593528816987 0.027083333333333334 0.0275530839231547
0 0.42490530303030305 0.7733822042467139 0.03996212121212121 0.048281092012133466
0 0.9614583333333333 0.560793731041456 0.027462121212121212 0.029069767441860465
0 0.6229166666666667 0.9781344792719919 0.06325757575757576 0.042719919110212334
0 0.9859848484848485 0.8892821031344793 0.027651515151515153 0.037917087967644085
0 0.5567234848484849 0.9835692618806876 0.03276515151515152 0.03185035389282103
0 0.8792613636363636 0.8574317492416582 0.02518939393939394 0.025278058645096056
0 0.6886363636363636 0.9867290192113246 0.02878787878787879 0.025530839231547017
0 0.8489583333333334 0.29537411526794743 0.028977272727272727 0.029069767441860465
0 0.8081439393939394 0.9572800808897877 0.030303030303030304 0.032355915065722954
0 0.8130681818181819 0.6758088978766431 0.04053030303030303 0.04979777553083923
0 0.9866477272727273 0.753412537917088 0.026704545454545453 0.03260869565217391
0 0.43323863636363635 0.6804853387259858 0.028977272727272727 0.030333670374115267
0 0.7172348484848485 0.580005055611729 0.029545454545454545 0.028564206268958545
0 0.931344696969697 0.8177451971688574 0.03920454545454546 0.046511627906976744
0 0.984185606060606 0.6142568250758341 0.03162878787878788 0.042467138523761376
0 0.9895833333333334 0.387639029322548 0.020454545454545454 0.02654196157735086
0 0.240625 0.8657735085945399 0.027462121212121212 0.03083923154701719
0 0.45549242424242425 0.35098584428715873 0.03977272727272727 0.04120323559150657
0 0.2109848484848485 0.3147118301314459 0.030303030303030304 0.032355915065722954
0 0.653125 0.8822042467138523 0.06117424242424242 0.05712841253791709
0 0.671875 0.31622851365015164 0.04450757575757576 0.04802831142568251
0 0.971875 0.987108190091001 0.038446969696969695 0.023761375126390292
0 0.6930871212121212 0.3565470171890799 0.024053030303030302 0.026036400404448937