0 0.3081439393939394 0.6444641051567239 0.08598484848484848 0.08619817997977755
0 0.5265151515151515 0.14459049544994945 0.10265151515151515 0.11172901921132457
0 0.020738636363636365 0.09416076845298281 0.04147727272727273 0.06900910010111223
0 0.9059659090909091 0.14964610717896865 0.06420454545454546 0.06774519716885744
0 0.728125 0.516051567239636 0.04640151515151515 0.04929221435793731
0 0.34725378787878786 0.39838220424671383 0.09223484848484849 0.10010111223458039
0 0.21723484848484848 0.20993427704752274 0.07878787878787878 0.09378159757330637
0 0.4452651515151515 0.7569514661274014 0.11287878787878788 0.13978766430738118
0 0.9584280303030303 0.17745197168857432 0.05397727272727273 0.0525783619817998
0 0.977935606060606 0.10503033367037412 0.04412878787878788 0.07608695652173914
0 0.18901515151515152 0.08961071789686552 0.08106060606060606 0.07810920121334682
0 0.11145833333333334 0.03640040444893832 0.03428030303030303 0.038928210313447925
0 0.7702651515151515 0.2454499494438827 0.06098484848484848 0.05915065722952477
0 0.32916666666666666 0.08341759352881699 0.06060606060606061 0.054600606673407485
0 0.6854166666666667 0.8305106167846309 0.048106060606060604 0.05232558139534884
0 0.08683712121212121 0.9762386248736097 0.06761363636363636 0.04701718907987867
0 0.9478219696969697 0.23382204246713853 0.04640151515151515 0.04398382204246714
0 0.39043560606060607 0.8469413549039434 0.05625 0.05788675429726997
0 0.1262310606060606 0.8699443882709808 0.05321969696969697 0.05637007077856421
0 0.6189393939393939 0.5516936299292214 0.10606060606060606 0.10995955510616785