0 0.6136363636363636 0.4026794742163802 0.05303030303030303 0.05915065722952477
0 0.04621212121212121 0.5571284125379171 0.04090909090909091 0.0455005055611729
0 0.3549242424242424 0.5146612740141557 0.056818181818181816 0.06117290192113246
0 0.9265151515151515 0.05472699696663296 0.05909090909090909 0.05990899898887765
0 0.35795454545454547 0.3168604651162791 0.060227272727272727 0.06395348837209303
0 0.15899621212121212 0.20917593528816986 0.05132575757575757 0.05232558139534884
0 0.48986742424242424 0.04853387259858443 0.035037878787878785 0.04196157735085945
0 0.7661931818181819 0.5243933265925177 0.05284090909090909 0.05738119312436805
0 0.5442234848484848 0.8067492416582407 0.04791666666666667 0.051820020222446916
0 0.4453598484848485 0.45096056622851366 0.05321969696969697 0.0551061678463094
0 0.24649621212121212 0.426061678463094 0.051704545454545454 0.05434782608695652
0 0.5714962121212122 0.7429221435793731 0.0509469696969697 0.0551061678463094
0 0.952935606060606 0.7366026289180991 0.07026515151515152 0.0692618806875632
0 0.7446969696969697 0.40406976744186046 0.05303030303030303 0.05535894843276037
0 0.578314393939394 0.1550808897876643 0.05284090909090909 0.05535894843276037
0 0.731344696969697 0.9806622851365016 0.04981060606060606 0.03816986855409504
0 0.03333333333333333 0.7414054600606673 0.04962121212121212 0.04954499494438827
0 0.2103219696969697 0.25733063700707787 0.04299242424242424 0.04600606673407482
0 0.1165719696969697 0.0891051567239636 0.03731060606060606 0.04019211324570273
0 0.7231060606060606 0.34453993933265925 0.04696969696969697 0.04954499494438827
0 0.7018939393939394 0.6798533872598584 0.05568181818181818 0.0609201213346815
0 0.45738636363636365 0.7661779575328614 0.06477272727272727 0.06976744186046512
0 0.38579545454545455 0.9383215369059656 0.038636363636363635 0.043478260869565216
0 0.09422348484848485 0.3935793731041456 0.048295454545454544 0.04903943377148635
0 0.8632575757575758 0.3885237613751264 0.03674242424242424 0.0455005055611729
0 0.6392045454545454 0.23382204246713853 0.05265151515151515 0.054600606673407485
0 0.5409090909090909 0.06774519716885744 0.05946969696969697 0.056622851365015166
0 0.35454545454545455 0.22345803842264914 0.05 0.052072800808897875
0 0.852935606060606 0.13662790697674418 0.06041666666666667 0.06749241658240647
0 0.7418560606060606 0.7406471183013145 0.06515151515151515 0.06167846309403438
0 0.9034090909090909 0.4778816986855409 0.056818181818181816 0.05839231547017189
0 0.44630681818181817 0.16898382204246715 0.061931818181818185 0.0634479271991911
0 0.1318181818181818 0.5209807886754297 0.04393939393939394 0.046511627906976744
0 0.40975378787878786 0.3378412537917088 0.04943181818181818 0.05030333670374115
0 0.6946022727272727 0.1929979777553084 0.050189393939393936 0.05283114256825076
0 0.8549242424242425 0.7229524772497472 0.06742424242424243 0.07735085945399393
0 0.45331439393939393 0.3666582406471183 0.05435606060606061 0.06294236602628918
0 0.13759469696969698 0.7506319514661274 0.03920454545454546 0.04019211324570273
0 0.4589962121212121 0.836577350859454 0.04147727272727273 0.047269969666329625
0 0.4565340909090909 0.6047775530839231 0.05890151515151515 0.05788675429726997
0 0.3588068181818182 0.7888018200202225 0.04753787878787879 0.04878665318503539
0 0.640435606060606 0.7350859453993933 0.058522727272727275 0.05864509605662285
0 0.47689393939393937 0.5041708796764408 0.05757575757575758 0.06900910010111223
0 0.33617424242424243 0.4673913043478261 0.03106060606060606 0.03640040444893832
0 0.05246212121212121 0.9753538928210314 0.056818181818181816 0.048281092012133466
0 0.5504734848484848 0.2877906976744186 0.05700757575757576 0.06496461071789686
0 0.818939393939394 0.9562689585439839 0.053409090909090906 0.05358948432760364
0 0.09545454545454546 0.820525783619818 0.0571969696969697 0.05611729019211325
0 0.8930871212121212 0.5846814964610718 0.05132575757575757 0.052072800808897875
0 0.3422348484848485 0.06584934277047523 0.07272727272727272 0.07153690596562184
0 0.7827651515151515 0.8086450960566228 0.0571969696969697 0.055611729019211326
0 0.16259469696969697 0.3532608695652174 0.044886363636363634 0.054853387259858444
0 0.618465909090909 0.9149393326592518 0.06268939393939393 0.0634479271991911
0 0.8628787878787879 0.034125379170879676 0.03484848484848485 0.046511627906976744
0 0.25984848484848483 0.9792719919110212 0.04393939393939394 0.03993933265925177
0 0.13759469696969698 0.9826845298281092 0.04261363636363636 0.03361981799797775
0 0.028977272727272727 0.08619817997977755 0.05795454545454545 0.08291203235591507
0 0.1509469696969697 0.26428210313447925 0.045454545454545456 0.0442366026289181
0 0.952935606060606 0.6387765419615774 0.04981060606060606 0.05055611729019211
0 0.37329545454545454 0.842391304347826 0.04924242424242424 0.05333670374115268
0 0.5971590909090909 0.8420121334681496 0.0625 0.06572295247724974
0 0.08759469696969698 0.6239888776541962 0.03617424242424242 0.03816986855409504
0 0.10113636363636364 0.4819261880687563 0.05454545454545454 0.056875631951466124
0 0.5393939393939394 0.9546258847320526 0.06628787878787878 0.0609201213346815
0 0.1481060606060606 0.8679221435793731 0.03636363636363636 0.042719919110212334
0 0.016477272727272726 0.5087209302325582 0.03295454545454545 0.048281092012133466
0 0.3352272727272727 0.9103892821031345 0.031818181818181815 0.0371587462082912
0 0.1494318181818182 0.7973963599595552 0.04696969696969697 0.048281092012133466
0 0.196875 0.7491152679474217 0.0490530303030303 0.0467644084934277
0 0.5112689393939394 0.698685540950455 0.04337121212121212 0.03943377148634985
0 0.9241477272727273 0.5333670374115268 0.05056818181818182 0.05156723963599596
0 0.0872159090909091 0.5366531850353893 0.029734848484848486 0.03185035389282103
0 0.528125 0.19084934277047522 0.04109848484848485 0.043478260869565216
0 0.8977272727272727 0.884732052578362 0.05454545454545454 0.051061678463094035
0 0.03210227272727273 0.3633720930232558 0.03465909090909091 0.03564206268958544
0 0.5100378787878788 0.4058392315470172 0.05075757575757576 0.05637007077856421
0 0.9100378787878788 0.3497219413549039 0.056818181818181816 0.05889787664307381
0 0.019696969696969695 0.22371081900910011 0.03939393939393939 0.0621840242669363
0 0.13759469696969698 0.42669362992922144 0.03579545454545455 0.03538928210313448
0 0.8254734848484848 0.4764914054600607 0.07556818181818181 0.0692618806875632
0 0.6517992424242425 0.5688827098078868 0.04640151515151515 0.051820020222446916
0 0.7163825757575758 0.07027300303336703 0.05359848484848485 0.051061678463094035
0 0.5279356060606061 0.5913801820020222 0.045643939393939396 0.050808897876643076
0 0.22007575757575756 0.9553842264914054 0.04659090909090909 0.048281092012133466
0 0.2765151515151515 0.910768452982811 0.054924242424242424 0.0525783619817998
0 0.09365530303030303 0.7153690596562184 0.04412878787878788 0.0429726996966633
0 0.7833333333333333 0.6296764408493428 0.048106060606060604 0.054600606673407485
0 0.19990530303030302 0.8341759352881699 0.038825757575757576 0.0429726996966633
0 0.9402462121212121 0.5794994944388271 0.0365530303030303 0.042719919110212334
0 0.2827651515151515 0.5582659251769464 0.04583333333333333 0.04929221435793731
0 0.7443181818181818 0.9311172901921132 0.053409090909090906 0.05030333670374115
0 0.9875946969696969 0.8926946410515673 0.024053030303030302 0.03816986855409504
0 0.684375 0.9853387259858443 0.030113636363636363 0.028311425682507583
0 0.20984848484848484 0.381319514661274 0.04015151515151515 0.04474216380182002
0 0.9176136363636364 0.8155965621840243 0.04242424242424243 0.05283114256825076
0 0.48020833333333335 0.663675429726997 0.03428030303030303 0.0371587462082912
0 0.7194128787878787 0.8292467138523761 0.04261363636363636 0.04373104145601618
0 0.7890151515151516 0.2973963599595551 0.058333333333333334 0.05434782608695652
0 0.2831439393939394 0.014408493427704751 0.04318181818181818 0.028816986855409503
0 0.912405303030303 0.9737108190091001 0.058522727272727275 0.05156723963599596
0 0.8462121212121212 0.8956016177957533 0.0625 0.07229524772497473
0 0.7714015151515151 0.12904448938321536 0.03787878787878788 0.03918099089989889
0 0.13456439393939393 0.6037664307381193 0.04147727272727273 0.04878665318503539
0 0.5168560606060606 0.0173154701718908 0.05265151515151515 0.0346309403437816
0 0.23939393939393938 0.8105409504550051 0.03939393939393939 0.0442366026289181
0 0.046875 0.6796006066734075 0.051704545454545454 0.04929221435793731
0 0.08115530303030304 0.21397876643073813 0.04640151515151515 0.05283114256825076
0 0.146875 0.7062689585439839 0.04450757575757576 0.0429726996966633
0 0.9825757575757575 0.5179474216380182 0.03484848484848485 0.06622851365015167
0 0.9678030303030303 0.3866279069767442 0.04924242424242424 0.04524772497472194
0 0.9802083333333333 0.27287664307381193 0.03958333333333333 0.04777553083923155
0 0.10568181818181818 0.13005561172901922 0.03484848484848485 0.03665318503538928
0 0.9211174242424243 0.1953993933265925 0.04640151515151515 0.04903943377148635
0 0.31420454545454546 0.9859706774519716 0.03901515151515152 0.02704752275025278
0 0.8829545454545454 0.26908493427704755 0.048106060606060604 0.051820020222446916
0 0.762594696969697 0.04044489383215369 0.035416666666666666 0.043478260869565216
0 0.6660984848484849 0.2910768452982811 0.05909090909090909 0.05738119312436805
0 0.290625 0.8246966632962589 0.048674242424242425 0.05333670374115268
0 0.649715909090909 0.18983822042467138 0.038446969696969695 0.038928210313447925
0 0.437594696969697 0.9562689585439839 0.05738636363636364 0.06016177957532862
0 0.5900568181818182 0.024772497472194135 0.03806818181818182 0.043478260869565216
0 0.02736742424242424 0.8369565217391305 0.05473484848484848 0.054600606673407485
0 0.7577651515151516 0.85262891809909 0.035227272727272725 0.03538928210313448
0 0.27244318181818183 0.31711324570273003 0.04071969696969697 0.041708796764408494
0 0.18503787878787878 0.04701718907987867 0.05757575757575758 0.05965621840242669
0 0.38920454545454547 0.45159251769464104 0.033712121212121214 0.03109201213346815
0 0.45615530303030305 0.26428210313447925 0.0634469696969697 0.07507583417593529
0 0.2662878787878788 0.737360970677452 0.04734848484848485 0.04853387259858443
0 0.10681818181818181 0.932633973710819 0.03484848484848485 0.04019211324570273
0 0.843844696969697 0.5371587462082912 0.061931818181818185 0.06370070778564206
0 0.584659090909091 0.6080637007077856 0.037121212121212124 0.04373104145601618
0 0.737405303030303 0.23154701718907988 0.045643939393939396 0.03943377148634985
0 0.852935606060606 0.6177957532861477 0.05284090909090909 0.05813953488372093
0 0.20359848484848486 0.11008594539939333 0.03674242424242424 0.04019211324570273
0 0.3365530303030303 0.5872093023255814 0.05454545454545454 0.050050556117290194
0 0.681155303030303 0.7899393326592518 0.03958333333333333 0.046511627906976744
0 0.9650568181818182 0.32242163801820023 0.04450757575757576 0.04373104145601618
0 0.103125 0.023255813953488372 0.05397727272727273 0.046511627906976744
0 0.010416666666666666 0.8996461071789686 0.020833333333333332 0.0358948432760364
0 0.9893939393939394 0.14004044489383216 0.020454545454545454 0.030333670374115267
0 0.19507575757575757 0.48799292214357937 0.05454545454545454 0.05535894843276037