0 0.14725378787878787 0.16392821031344793 0.048295454545454544 0.05333670374115268
0 0.6479166666666667 0.21423154701718908 0.04924242424242424 0.05889787664307381
0 0.8630681818181818 0.21777047522750254 0.038636363636363635 0.03918099089989889
0 0.5202651515151515 0.5959302325581395 0.04583333333333333 0.04777553083923155
0 0.7087121212121212 0.5077098078867543 0.04659090909090909 0.05030333670374115
0 0.4493371212121212 0.2810920121334681 0.04715909090909091 0.04600606673407482
0 0.8964015151515151 0.17682002022244692 0.04696969696969697 0.053842264914054604
0 0.17329545454545456 0.5251516683518705 0.04242424242424243 0.04474216380182002
0 0.32064393939393937 0.493680485338726 0.04734848484848485 0.04954499494438827
0 0.5136363636363637 0.1928715874620829 0.033712121212121214 0.03943377148634985
0 0.9598484848484848 0.44337714863498484 0.04924242424242424 0.05308392315470172
0 0.9793560606060606 0.3313953488372093 0.04128787878787879 0.0525783619817998
0 0.14204545454545456 0.10869565217391304 0.051515151515151514 0.054600606673407485
0 0.468655303030303 0.4665065722952477 0.038825757575757576 0.041708796764408494
0 0.8589962121212121 0.31193124368048536 0.04715909090909091 0.047522750252780584
0 0.8285037878787879 0.10123862487360971 0.05321969696969697 0.05990899898887765
0 0.6041666666666666 0.535768452982811 0.03787878787878788 0.041708796764408494
0 0.624905303030303 0.28273508594539937 0.041856060606060605 0.04474216380182002
0 0.4327651515151515 0.7525278058645096 0.03257575757575758 0.03640040444893832
0 0.4642992424242424 0.6413043478260869 0.03465909090909091 0.03640040444893832
0 0.16240530303030304 0.41316986855409504 0.03579545454545455 0.04373104145601618
0 0.7943181818181818 0.47004550050556115 0.04621212121212121 0.04777553083923155
0 0.5570075757575758 0.3532608695652174 0.048484848484848485 0.056875631951466124
0 0.11183712121212121 0.4914054600606673 0.029356060606060608 0.03185035389282103
0 0.853125 0.36943882709807885 0.04109848484848485 0.047269969666329625
0 0.8654356060606061 0.4831900910010111 0.038825757575757576 0.04474216380182002
0 0.7708333333333334 0.5568756319514662 0.04696969696969697 0.051061678463094035
0 0.6101325757575757 0.23748736097067746 0.030871212121212122 0.03614762386248736
0 0.041856060606060605 0.4860970677451972 0.05454545454545454 0.05308392315470172
0 0.3722537878787879 0.06243680485338726 0.05587121212121212 0.06370070778564206
0 0.31420454545454546 0.45020222446916075 0.02803030303030303 0.027300303336703743
0 0.20615530303030302 0.1051567239635996 0.052083333333333336 0.05308392315470172
0 0.6119318181818182 0.1635490394337715 0.033712121212121214 0.04095045500505561
0 0.45208333333333334 0.40811425682507585 0.04431818181818182 0.047269969666329625
0 0.051893939393939395 0.11046511627906977 0.04621212121212121 0.04802831142568251
0 0.11486742424242424 0.20424671385237614 0.033901515151515155 0.03134479271991911
0 0.4712121212121212 0.23521233569261882 0.04696969696969697 0.048281092012133466
0 0.3859848484848485 0.21334681496461072 0.03901515151515152 0.04499494438827098
0 0.47547348484848484 0.9614509605662285 0.03731060606060606 0.03564206268958544
0 0.9791666666666666 0.03677957532861476 0.038257575757575754 0.046258847320525785
0 0.29668560606060607 0.3756319514661274 0.04640151515151515 0.046511627906976744
0 0.8650568181818182 0.259479271991911 0.033901515151515155 0.03816986855409504
0 0.5572916666666666 0.5688827098078868 0.04678030303030303 0.048281092012133466
0 0.11079545454545454 0.5251516683518705 0.04128787878787879 0.03564206268958544
0 0.5147727272727273 0.4738372093023256 0.03484848484848485 0.03968655207280081
0 0.774905303030303 0.4012891809908999 0.041856060606060605 0.046258847320525785
0 0.20397727272727273 0.4385743174924166 0.02727272727272727 0.0262891809908999
0 0.7507575757575757 0.1134984833164813 0.03901515151515152 0.0429726996966633
0 0.6493371212121212 0.7262386248736097 0.05056818181818182 0.06016177957532862
0 0.8361742424242424 0.8191354903943378 0.04621212121212121 0.047269969666329625
0 0.41420454545454544 0.60262891809909 0.03939393939393939 0.042467138523761376
0 0.17689393939393938 0.36830131445904957 0.03257575757575758 0.033367037411526794
0 0.6802083333333333 0.26238624873609706 0.03996212121212121 0.04499494438827098
0 0.3549242424242424 0.3857431749241658 0.038257575757575754 0.04196157735085945
0 0.693655303030303 0.08683013144590496 0.055113636363636365 0.053842264914054604
0 0.7404356060606061 0.2287664307381193 0.04071969696969697 0.03993933265925177
0 0.7377840909090909 0.3613498483316481 0.032007575757575756 0.03614762386248736
0 0.5208333333333334 0.7168857431749242 0.05037878787878788 0.05813953488372093
0 0.3638257575757576 0.6989383215369059 0.037121212121212124 0.042467138523761376
0 0.956155303030303 0.18061172901921133 0.035416666666666666 0.035136501516683516
0 0.271875 0.9884984833164813 0.03314393939393939 0.02199191102123357
0 0.9057765151515151 0.4320020222446916 0.051704545454545454 0.050050556117290194
0 0.9875946969696969 0.8289939332659252 0.024431818181818183 0.03008088978766431
0 0.7084280303030303 0.7338220424671386 0.04981060606060606 0.05965621840242669
0 0.9793560606060606 0.6337209302325582 0.04128787878787879 0.0692618806875632
0 0.5892045454545455 0.1999494438827098 0.03068181818181818 0.034378159757330634
0 0.9286931818181818 0.582912032355915 0.03276515151515152 0.03943377148634985
0 0.3698863636363636 0.8250758341759353 0.029166666666666667 0.034378159757330634
0 0.6694128787878788 0.3777805864509606 0.044886363636363634 0.04575328614762386
0 0.7863636363636364 0.2134732052578362 0.03636363636363636 0.041708796764408494
0 0.278125 0.1897118301314459 0.04299242424242424 0.0467644084934277
0 0.05558712121212121 0.6196916076845298 0.05776515151515151 0.05788675429726997
0 0.11259469696969697 0.28867542972699695 0.06306818181818181 0.05813953488372093
0 0.13759469696969698 0.4622093023255814 0.0509469696969697 0.05283114256825076
0 0.06486742424242424 0.5511880687563195 0.052083333333333336 0.047269969666329625
0 0.9636363636363636 0.9337714863498483 0.029924242424242423 0.029828109201213347
0 0.8938446969696969 0.59340242669363 0.04602272727272727 0.050808897876643076
0 0.500094696969697 0.5535894843276037 0.042234848484848486 0.03842264914054601
0 0.3640151515151515 0.3423913043478261 0.0571969696969697 0.04929221435793731
0 0.724905303030303 0.9461577350859454 0.03958333333333333 0.04600606673407482
0 0.6487689393939394 0.04891304347826087 0.036931818181818184 0.03816986855409504
0 0.8523674242424243 0.8665318503538928 0.03617424242424242 0.033367037411526794
0 0.6263257575757576 0.6697421638018201 0.045454545454545456 0.04878665318503539
0 0.7444128787878788 0.6133720930232558 0.041856060606060605 0.04373104145601618
0 0.9295454545454546 0.055232558139534885 0.053409090909090906 0.051820020222446916
0 0.859375 0.6887007077856421 0.04147727272727273 0.041708796764408494
0 0.084375 0.38612234580384225 0.05056818181818182 0.06648129423660262
0 0.906155303030303 0.3145854398382204 0.040340909090909094 0.04474216380182002
0 0.9670454545454545 0.7226996966632963 0.04583333333333333 0.05055611729019211
0 0.9379734848484849 0.23546511627906977 0.028977272727272727 0.029069767441860465
0 0.2584280303030303 0.6976744186046512 0.04109848484848485 0.044489383215369056
0 0.3085227272727273 0.05093528816986855 0.03787878787878788 0.03564206268958544
0 0.9317234848484849 0.5341253791708797 0.051704545454545454 0.05864509605662285
0 0.8252840909090909 0.7703488372093024 0.03465909090909091 0.0371587462082912
0 0.10757575757575757 0.7296511627906976 0.03977272727272727 0.03918099089989889
0 0.5105113636363636 0.35856926188068755 0.04678030303030303 0.05738119312436805
0 0.27897727272727274 0.46322042467138524 0.03939393939393939 0.040697674418604654
0 0.6174242424242424 0.11059150657229525 0.03901515151515152 0.040697674418604654
0 0.6999053030303031 0.8921890798786654 0.03806818181818182 0.041708796764408494
0 0.24365530303030303 0.8067492416582407 0.023674242424242424 0.023508594539939334
0 0.7890151515151516 0.7775530839231547 0.035606060606060606 0.03083923154701719
0 0.6964962121212122 0.5681243680485338 0.044886363636363634 0.04929221435793731
0 0.36420454545454545 0.012259858442871587 0.029545454545454545 0.024519716885743174
0 0.9361742424242424 0.2857684529828109 0.03484848484848485 0.041708796764408494
0 0.5825757575757575 0.6586198179979778 0.032196969696969696 0.03968655207280081
0 0.03598484848484849 0.40091001011122346 0.038636363636363635 0.0358948432760364
0 0.24507575757575759 0.42985338725985844 0.027651515151515153 0.028058645096056625
0 0.5552083333333333 0.26377654196157735 0.05965909090909091 0.0659757330637007
0 0.5612689393939394 0.4397118301314459 0.03162878787878788 0.040697674418604654
0 0.25672348484848484 0.5203488372093024 0.048295454545454544 0.04524772497472194
0 0.14602272727272728 0.06054095045500506 0.04772727272727273 0.0467644084934277
0 0.22471590909090908 0.9859706774519716 0.036931818181818184 0.025025278058645097
0 0.8161931818181818 0.945525783619818 0.044886363636363634 0.04474216380182002
0 0.5368371212121212 0.6680990899898888 0.055113636363636365 0.0455005055611729
0 0.8504734848484848 0.5936552072800809 0.042234848484848486 0.046258847320525785
0 0.3234848484848485 0.7636501516683518 0.03333333333333333 0.032355915065722954
0 0.42736742424242424 0.9657482305358949 0.020265151515151514 0.019969666329625886
0 0.5827651515151515 0.9867290192113246 0.03295454545454545 0.025530839231547017
0 0.9228219696969697 0.9244186046511628 0.036931818181818184 0.03842264914054601
0 0.07547348484848485 0.1660768452982811 0.05321969696969697 0.051061678463094035
0 0.9872159090909091 0.5614256825075834 0.02556818181818182 0.052072800808897875
0 0.7571022727272727 0.05826592517694641 0.03465909090909091 0.03918099089989889
0 0.6379734848484848 0.8672901921132457 0.02784090909090909 0.029828109201213347
0 0.7583333333333333 0.9879929221435794 0.023484848484848483 0.023508594539939334
0 0.14024621212121213 0.9667593528816987 0.027083333333333334 0.02654196157735086
0 0.7430871212121212 0.787917087967644 0.048674242424242425 0.043478260869565216
0 0.7908143939393939 0.6903437815975733 0.0365530303030303 0.03538928210313448
0 0.7150568181818182 0.990267947421638 0.022537878787878787 0.018958543983822043
0 0.49971590909090907 0.4246713852376138 0.03996212121212121 0.04701718907987867
0 0.5086174242424243 0.8284883720930233 0.04375 0.04019211324570273
0 0.8117424242424243 0.8791708796764408 0.03787878787878788 0.03387259858442872
0 0.553314393939394 0.12664307381193124 0.048674242424242425 0.0525783619817998
0 0.47793560606060603 0.7454499494438828 0.041856060606060605 0.04196157735085945
0 0.5140151515151515 0.11589989888776542 0.026893939393939394 0.029069767441860465
0 0.4083333333333333 0.13865015166835187 0.02878787878787879 0.03361981799797775
0 0.2638257575757576 0.6309403437815976 0.031818181818181815 0.033367037411526794
0 0.7599431818181818 0.29663801820020225 0.025946969696969698 0.0275530839231547
0 0.7913825757575758 0.833164812942366 0.03125 0.038928210313447925
0 0.5837121212121212 0.8550303336703741 0.02803030303030303 0.029069767441860465
0 0.821875 0.5540950455005056 0.05738636363636364 0.054600606673407485
0 0.46060606060606063 0.04941860465116279 0.0428030303030303 0.050808897876643076
0 0.8136363636363636 0.987360970677452 0.026136363636363635 0.024266936299292215
0 0.5384469696969697 0.8627401415571284 0.03295454545454545 0.03943377148634985
0 0.3327651515151515 0.41822548028311424 0.03068181818181818 0.03008088978766431
0 0.03276515151515152 0.8851112234580384 0.03068181818181818 0.0371587462082912
0 0.5033143939393939 0.9247977755308392 0.027083333333333334 0.03058645096056623
0 0.774715909090909 0.9552578361981799 0.022916666666666665 0.0262891809908999
0 0.9331439393939394 0.9868554095045501 0.02878787878787879 0.02578361981799798
0 0.378125 0.8665318503538928 0.025946969696969698 0.024772497472194135
0 0.5408143939393939 0.951845298281092 0.03276515151515152 0.0371587462082912
0 0.38115530303030304 0.7395096056622852 0.03238636363636364 0.03260869565217391
0 0.9356060606060606 0.6683518705763397 0.03901515151515152 0.037917087967644085
0 0.6051136363636364 0.768958543983822 0.024242424242424242 0.024772497472194135
0 0.4517992424242424 0.7860212335692619 0.02518939393939394 0.02654196157735086
0 0.7329545454545454 0.8367037411526794 0.0428030303030303 0.038928210313447925
0 0.34744318181818185 0.5655965621840243 0.03276515151515152 0.03361981799797775
0 0.34289772727272727 0.29625884732052576 0.04753787878787879 0.050050556117290194
0 0.6647727272727273 0.5976996966632963 0.03143939393939394 0.035136501516683516
0 0.4359848484848485 0.9883720930232558 0.02803030303030303 0.022244691607684528
0 0.8142045454545455 0.051693629929221434 0.03901515151515152 0.03260869565217391
0 0.1303030303030303 0.3546511627906977 0.03295454545454545 0.03185035389282103