0 0.06704545454545455 0.7714863498483316 0.06477272727272727 0.07330637007077856
0 0.2668560606060606 0.3579373104145602 0.07234848484848484 0.07482305358948432
0 0.7541666666666667 0.04044489383215369 0.05946969696969697 0.06370070778564206
0 0.48210227272727274 0.04284630940343782 0.08428030303030302 0.08569261880687563
0 0.5698863636363637 0.36501516683518703 0.0659090909090909 0.06622851365015167
0 0.5303977272727273 0.6391557128412538 0.061931818181818185 0.0659757330637007
0 0.15255681818181818 0.6648129423660263 0.07140151515151515 0.06825075834175935
0 0.8238636363636364 0.7941102123356926 0.03939393939393939 0.042719919110212334
0 0.22954545454545455 0.6191860465116279 0.08257575757575758 0.08923154701718908
0 0.5002840909090909 0.3149646107178969 0.06306818181818181 0.06167846309403438
0 0.9434659090909091 0.6385237613751263 0.06609848484848485 0.06622851365015167
0 0.8716856060606061 0.1577350859453994 0.06799242424242424 0.06976744186046512
0 0.44554924242424243 0.6610212335692619 0.04640151515151515 0.05308392315470172
0 0.3652462121212121 0.19186046511627908 0.07973484848484849 0.08240647118301314
0 0.8521780303030303 0.3384732052578362 0.06041666666666667 0.0692618806875632
0 0.33816287878787876 0.3775278058645096 0.0668560606060606 0.07659251769464105
0 0.8689393939393939 0.791076845298281 0.04053030303030303 0.041708796764408494
0 0.9727272727272728 0.5509352881698686 0.05454545454545454 0.05990899898887765
0 0.1952651515151515 0.41177957532861476 0.06363636363636363 0.06471183013144591
0 0.7881628787878788 0.8677957532861477 0.04602272727272727 0.050050556117290194
0 0.9039772727272727 0.2584681496461072 0.06931818181818182 0.0776036400404449
0 0.25681818181818183 0.8848584428715874 0.048863636363636366 0.053842264914054604
0 0.12869318181818182 0.04436299292214358 0.060037878787878786 0.06445904954499494
0 0.2627840909090909 0.7912032355915066 0.04943181818181818 0.04802831142568251
0 0.7418560606060606 0.8628665318503539 0.04659090909090909 0.0467644084934277
0 0.023958333333333335 0.4512133468149646 0.04791666666666667 0.0910010111223458
0 0.1018939393939394 0.46183013144590496 0.06628787878787878 0.06471183013144591
0 0.47291666666666665 0.974721941354904 0.055303030303030305 0.04954499494438827
0 0.49829545454545454 0.24355409504550052 0.05606060606060606 0.0609201213346815
0 0.687405303030303 0.49254297269969666 0.06420454545454546 0.0609201213346815
0 0.15473484848484848 0.7314206268958544 0.08674242424242425 0.07659251769464105
0 0.5702651515151516 0.2326845298281092 0.06742424242424243 0.07457027300303337
0 0.015056818181818182 0.3809403437815976 0.030113636363636363 0.04499494438827098
0 0.019128787878787877 0.3134479271991911 0.038257575757575754 0.08190091001011122
0 0.8479166666666667 0.034125379170879676 0.07045454545454545 0.06825075834175935
0 0.109375 0.23748736097067746 0.03996212121212121 0.042719919110212334
0 0.8513257575757576 0.8909251769464105 0.05265151515151515 0.05788675429726997
0 0.3693181818181818 0.06850353892821032 0.05303030303030303 0.055611729019211326
0 0.017329545454545455 0.24153185035389282 0.03465909090909091 0.06395348837209303
0 0.27168560606060604 0.18958543983822043 0.05776515151515151 0.06875631951466127
0 0.3359848484848485 0.5243933265925177 0.04583333333333333 0.046258847320525785
0 0.790625 0.5781092012133469 0.056628787878787876 0.06268958543983821
0 0.8640151515151515 0.3971183013144591 0.04090909090909091 0.044489383215369056
0 0.678125 0.394211324570273 0.08579545454545455 0.07709807886754297
0 0.312405303030303 0.7748988877654196 0.041856060606060605 0.0371587462082912
0 0.9803977272727272 0.7870323559150657 0.03920454545454546 0.06193124368048534
0 0.962594696969697 0.256319514661274 0.033522727272727273 0.04196157735085945
0 0.6850378787878788 0.6663296258847321 0.04090909090909091 0.044489383215369056
0 0.31278409090909093 0.9883720930232558 0.03314393939393939 0.022244691607684528
0 0.5518939393939394 0.8506066734074823 0.03598484848484849 0.034378159757330634
0 0.9582386363636364 0.365520728008089 0.07556818181818181 0.07128412537917088
0 0.45615530303030305 0.8612234580384226 0.033901515151515155 0.03640040444893832
0 0.08399621212121212 0.1870576339737108 0.06875 0.06825075834175935
0 0.16581439393939393 0.3579373104145602 0.05473484848484848 0.06167846309403438
0 0.6368371212121212 0.03222952477249747 0.04337121212121212 0.04322548028311426
0 0.4884469696969697 0.48672901921132455 0.053409090909090906 0.05839231547017189
0 0.9083333333333333 0.8906723963599595 0.05303030303030303 0.05283114256825076
0 0.7365530303030303 0.685793731041456 0.05757575757575758 0.05915065722952477
0 0.8752840909090909 0.9787664307381193 0.055113636363636365 0.04196157735085945
0 0.15132575757575759 0.801314459049545 0.042045454545454546 0.03741152679474216
0 0.9642045454545455 0.19754802831142568 0.033712121212121214 0.040697674418604654
0 0.4746212121212121 0.13624873609706775 0.0875 0.08291203235591507
0 0.5763257575757575 0.8018200202224469 0.04393939393939394 0.046511627906976744
0 0.9347537878787879 0.7754044489383215 0.04450757575757576 0.048281092012133466
0 0.9589962121212121 0.836071789686552 0.04640151515151515 0.056875631951466124
0 0.4347537878787879 0.2828614762386249 0.05246212121212121 0.05358948432760364
0 0.7606060606060606 0.21751769464105156 0.05113636363636364 0.05788675429726997
0 0.6857954545454545 0.9188574317492416 0.03787878787878788 0.04044489383215369
0 0.7890151515151516 0.45159251769464104 0.09015151515151515 0.09175935288169869
0 0.5338068181818182 0.8025783619817998 0.0490530303030303 0.055611729019211326
0 0.9333333333333333 0.9752275025278059 0.048106060606060604 0.04903943377148635
0 0.5827651515151515 0.012007077856420627 0.045454545454545456 0.024014155712841254