0 0.08134469696969697 0.4833164812942366 0.07026515151515152 0.08341759352881699
0 0.6611742424242424 0.3691860465116279 0.08295454545454546 0.08822042467138523
0 0.5591856060606061 0.5010111223458038 0.0740530303030303 0.08442871587462084
0 0.690435606060606 0.24342770475227501 0.08011363636363636 0.08341759352881699
0 0.22083333333333333 0.29385743174924167 0.08371212121212121 0.09327603640040445
0 0.8184659090909091 0.10869565217391304 0.10625 0.10313447927199192
0 0.5700757575757576 0.2711071789686552 0.10681818181818181 0.11147623862487362
0 0.7043560606060606 0.07039939332659252 0.07803030303030303 0.0801314459049545
0 0.025757575757575757 0.36046511627906974 0.051515151515151514 0.09656218402426693
0 0.45615530303030305 0.7860212335692619 0.07026515151515152 0.07406471183013144
0 0.6329545454545454 0.5408240647118301 0.06515151515151515 0.06547017189079879
0 0.35899621212121213 0.2204246713852376 0.06723484848484848 0.0717896865520728
0 0.6033143939393939 0.1589989888776542 0.0831439393939394 0.08998988877654196
0 0.2857954545454545 0.06572295247724974 0.07992424242424243 0.08645096056622852
0 0.7420454545454546 0.53551567239636 0.09393939393939393 0.08619817997977755
0 0.1765151515151515 0.39914054600606674 0.05795454545454545 0.06016177957532862
0 0.04327651515151515 0.0659757330637007 0.08428030303030302 0.09605662285136501
0 0.9174242424242425 0.394211324570273 0.09015151515151515 0.09479271991911022
0 0.5319128787878787 0.7280080889787665 0.06761363636363636 0.06875631951466127
0 0.9670454545454545 0.7151162790697675 0.0659090909090909 0.07583417593528817
0 0.9684659090909091 0.5557381193124368 0.06306818181818181 0.09024266936299292
0 0.0353219696969697 0.26049039433771487 0.05965909090909091 0.05990899898887765
0 0.331344696969697 0.7448179979777553 0.0634469696969697 0.06547017189079879
0 0.32130681818181817 0.35490394337714865 0.09905303030303031 0.09201213346814964
0 0.300094696969697 0.6741658240647118 0.09223484848484849 0.09656218402426693
0 0.2356060606060606 0.5041708796764408 0.08068181818181819 0.089737108190091
0 0.1380681818181818 0.25467644084934277 0.07196969696969698 0.08114256825075834
0 0.5236742424242424 0.1589989888776542 0.09204545454545454 0.11375126390293225
0 0.9372159090909091 0.48445399393326594 0.058143939393939394 0.06547017189079879