0 0.7553977272727272 0.2659251769464105 0.06496212121212121 0.07077856420626896
0 0.624905303030303 0.38877654196157735 0.06799242424242424 0.0743174924165824
0 0.9271780303030303 0.4062184024266936 0.058143939393939394 0.06370070778564206
0 0.4422348484848485 0.05889787664307381 0.043560606060606064 0.050050556117290194
0 0.9481060606060606 0.1346056622851365 0.05416666666666667 0.05232558139534884
0 0.6490530303030303 0.2584681496461072 0.041666666666666664 0.042719919110212334
0 0.8249053030303031 0.451845298281092 0.06609848484848485 0.07002022244691608
0 0.7138257575757576 0.5313447927199191 0.04924242424242424 0.0525783619817998
0 0.6461174242424242 0.7367290192113246 0.06912878787878787 0.07355915065722952
0 0.8295454545454546 0.36438321536905965 0.061742424242424244 0.06648129423660262
0 0.7649621212121213 0.7345803842264914 0.05378787878787879 0.056622851365015166
0 0.9047348484848485 0.09378159757330637 0.04090909090909091 0.04600606673407482
0 0.7495265151515151 0.4429979777553084 0.05473484848484848 0.059403437815975735
0 0.809564393939394 0.8209049544994944 0.05890151515151515 0.05738119312436805
0 0.5571969696969697 0.3744944388270981 0.054924242424242424 0.05283114256825076
0 0.9446969696969697 0.6080637007077856 0.04962121212121212 0.05535894843276037
0 0.8164772727272728 0.11678463094034378 0.059848484848484845 0.05915065722952477
0 0.9738636363636364 0.5078361981799798 0.05 0.054600606673407485
0 0.9227272727272727 0.046638018200202226 0.04318181818181818 0.046258847320525785
0 0.8898674242424243 0.240267947421638 0.030871212121212122 0.03260869565217391
0 0.5886363636363636 0.8940849342770475 0.06742424242424243 0.06825075834175935
0 0.15236742424242425 0.785010111223458 0.05700757575757576 0.061425682507583415
0 0.4015151515151515 0.233948432760364 0.05795454545454545 0.05990899898887765
0 0.5011363636363636 0.9172143579373104 0.05909090909090909 0.06900910010111223
0 0.4252840909090909 0.9777553083923155 0.051704545454545454 0.04398382204246714
0 0.2275568181818182 0.7817239635995955 0.06988636363636364 0.07103134479271991
0 0.30236742424242424 0.8126895854398383 0.06875 0.0788675429726997
0 0.6041666666666666 0.5864509605662285 0.06931818181818182 0.07987866531850354
0 0.9227272727272727 0.8674165824064712 0.0446969696969697 0.050808897876643076
0 0.21401515151515152 0.5040444893832153 0.03333333333333333 0.03538928210313448
0 0.8335227272727272 0.7055106167846309 0.06439393939393939 0.06825075834175935
0 0.7575757575757576 0.19919110212335692 0.05075757575757576 0.06066734074823053
0 0.8732954545454545 0.9480535894843276 0.04734848484848485 0.04979777553083923
0 0.8285037878787879 0.2391304347826087 0.06079545454545455 0.06622851365015167
0 0.1918560606060606 0.050429726996966635 0.026893939393939394 0.025025278058645097
0 0.40975378787878786 0.801567239635996 0.05965909090909091 0.06521739130434782
0 0.023958333333333335 0.9303589484327603 0.04791666666666667 0.06445904954499494
0 0.849905303030303 0.8808139534883721 0.05132575757575757 0.05738119312436805
0 0.03380681818181818 0.7154954499494439 0.032007575757575756 0.03816986855409504
0 0.7618371212121212 0.9817997977755308 0.04109848484848485 0.03488372093023256
0 0.9739583333333334 0.2536653185035389 0.05056818181818182 0.06243680485338726
0 0.5540719696969697 0.2706016177957533 0.05928030303030303 0.06395348837209303
0 0.8829545454545454 0.8258341759352882 0.05 0.05915065722952477
0 0.5454545454545454 0.6784630940343782 0.06098484848484848 0.06622851365015167
0 0.02206439393939394 0.22472194135490395 0.029356060606060608 0.028311425682507583
0 0.9168560606060606 0.26959049544994945 0.04659090909090909 0.050808897876643076
0 0.962405303030303 0.7038675429726997 0.04299242424242424 0.04878665318503539
0 0.10236742424242425 0.030712841253791708 0.02215909090909091 0.023508594539939334
0 0.1536931818181818 0.30877148634984836 0.03049242424242424 0.025025278058645097
0 0.06704545454545455 0.04802831142568251 0.021212121212121213 0.01820020222446916
0 0.7077651515151515 0.3776541961577351 0.060227272727272727 0.0692618806875632
0 0.8620265151515152 0.1865520728008089 0.03617424242424242 0.046511627906976744
0 0.09990530303030302 0.3109201213346815 0.03428030303030303 0.034378159757330634
0 0.5884469696969697 0.7316734074823054 0.05075757575757576 0.0609201213346815
0 0.8085227272727272 0.9823053589484327 0.03674242424242424 0.034378159757330634
0 0.6336174242424243 0.9634732052578362 0.0706439393939394 0.07254802831142568
0 0.6804924242424243 0.9249241658240647 0.030303030303030304 0.03185035389282103
0 0.013825757575757576 0.1160262891809909 0.02196969696969697 0.02679474216380182
0 0.06524621212121212 0.08468149646107179 0.035416666666666666 0.03741152679474216
0 0.021212121212121213 0.4084934277047523 0.027651515151515153 0.03083923154701719
0 0.7003787878787879 0.036905965621840245 0.037121212121212124 0.03286147623862487
0 0.16041666666666668 0.24077350859453994 0.02727272727272727 0.03260869565217391
0 0.303125 0.09390798786653184 0.05890151515151515 0.06193124368048534
0 0.8579545454545454 0.02148634984833165 0.07272727272727272 0.0429726996966633
0 0.12954545454545455 0.02338220424671385 0.023484848484848483 0.02654196157735086
0 0.9805871212121212 0.3415065722952477 0.038825757575757576 0.06016177957532862
0 0.8630681818181818 0.06584934277047523 0.033712121212121214 0.04120323559150657
0 0.5619318181818181 0.09769969666329625 0.04659090909090909 0.0609201213346815