0 0.2059659090909091 0.2838725985844287 0.04715909090909091 0.05358948432760364
0 0.2684659090909091 0.07494944388270981 0.024053030303030302 0.026036400404448937
0 0.026136363636363635 0.3281092012133468 0.03598484848484849 0.03741152679474216
0 0.14725378787878787 0.1423154701718908 0.03617424242424242 0.03842264914054601
0 0.5145833333333333 0.6632962588473206 0.051515151515151514 0.05712841253791709
0 0.0634469696969697 0.7549292214357938 0.051515151515151514 0.053842264914054604
0 0.5747159090909091 0.1487613751263903 0.029734848484848486 0.03159757330637007
0 0.3021780303030303 0.04777553083923155 0.028977272727272727 0.030333670374115267
0 0.6175189393939394 0.06193124368048534 0.02556818181818182 0.027300303336703743
0 0.940435606060606 0.33695652173913043 0.02784090909090909 0.027300303336703743
0 0.9852272727272727 0.9240394337714863 0.029545454545454545 0.04474216380182002
0 0.10066287878787879 0.5003791708796764 0.03465909090909091 0.03564206268958544
0 0.3398674242424242 0.33733569261880686 0.026325757575757575 0.025025278058645097
0 0.3640151515151515 0.04929221435793731 0.029166666666666667 0.03134479271991911
0 0.7739583333333333 0.06205763397371082 0.025946969696969698 0.029575328614762385
0 0.5738636363636364 0.7013397371081901 0.05 0.05535894843276037
0 0.33759469696969696 0.3786653185035389 0.02556818181818182 0.025278058645096056
0 0.428125 0.18035894843276037 0.02556818181818182 0.025530839231547017
0 0.4930871212121212 0.1531850353892821 0.03920454545454546 0.038928210313447925
0 0.29109848484848483 0.17656723963599597 0.024242424242424242 0.026036400404448937
0 0.365625 0.013018200202224469 0.023674242424242424 0.026036400404448937
0 0.1412878787878788 0.8536400404448938 0.04621212121212121 0.04853387259858443
0 0.3827651515151515 0.9183518705763397 0.04659090909090909 0.052072800808897875
0 0.12168560606060606 0.45108695652173914 0.05435606060606061 0.05434782608695652
0 0.9234848484848485 0.5265419615773509 0.023863636363636365 0.025278058645096056
0 0.9877840909090909 0.5907482305358949 0.023674242424242424 0.028816986855409503
0 0.11543560606060606 0.2123356926188069 0.02784090909090909 0.029322548028311426
0 0.5484848484848485 0.22421638018200202 0.03674242424242424 0.0358948432760364
0 0.35861742424242427 0.9700455005055612 0.029356060606060608 0.03260869565217391
0 0.7763257575757576 0.21372598584428715 0.026893939393939394 0.0275530839231547
0 0.0584280303030303 0.2766683518705763 0.027083333333333334 0.03109201213346815
0 0.13882575757575757 0.2441860465116279 0.02196969696969697 0.024266936299292215
0 0.6805871212121212 0.1103387259858443 0.023674242424242424 0.02249747219413549
0 0.47831439393939396 0.40457532861476236 0.029734848484848486 0.03361981799797775
0 0.9398674242424242 0.3677957532861476 0.029734848484848486 0.027300303336703743
0 0.7934659090909091 0.9799039433771486 0.05132575757575757 0.03918099089989889
0 0.18645833333333334 0.09125379170879676 0.035416666666666666 0.034378159757330634
0 0.9029356060606061 0.7218149646107179 0.02821969696969697 0.029069767441860465
0 0.2862689393939394 0.390798786653185 0.02481060606060606 0.03286147623862487
0 0.602935606060606 0.128159757330637 0.017992424242424244 0.01820020222446916
0 0.25672348484848484 0.17745197168857432 0.04412878787878788 0.046511627906976744
0 0.2853219696969697 0.9470424671385238 0.03731060606060606 0.03816986855409504
0 0.9272727272727272 0.25556117290192115 0.02234848484848485 0.023255813953488372
0 0.4329545454545455 0.7678210313447927 0.03295454545454545 0.03159757330637007
0 0.3893939393939394 0.195525783619818 0.026136363636363635 0.03210313447927199
0 0.9413825757575758 0.09403437815975733 0.02859848484848485 0.03083923154701719
0 0.9846590909090909 0.3301314459049545 0.03068181818181818 0.043478260869565216
0 0.4428030303030303 0.21701213346814965 0.02159090909090909 0.020980788675429726
0 0.22225378787878788 0.14395854398382205 0.048295454545454544 0.04474216380182002
0 0.10274621212121213 0.35616784630940346 0.026325757575757575 0.027300303336703743
0 0.1393939393939394 0.6591253791708797 0.04659090909090909 0.04878665318503539
0 0.6317234848484848 0.6544489383215369 0.03465909090909091 0.03640040444893832
0 0.20833333333333334 0.5746966632962589 0.04393939393939394 0.041708796764408494
0 0.20861742424242424 0.2154954499494439 0.03238636363636364 0.03614762386248736
0 0.04015151515151515 0.8330384226491405 0.02537878787878788 0.02199191102123357
0 0.7427083333333333 0.06610212335692618 0.021022727272727273 0.02199191102123357
0 0.637594696969697 0.4006572295247725 0.03465909090909091 0.03488372093023256
0 0.11306818181818182 0.5419615773508595 0.025 0.027805864509605663
0 0.23825757575757575 0.37032355915065723 0.030303030303030304 0.03286147623862487
0 0.33835227272727275 0.0262891809908999 0.033901515151515155 0.03741152679474216
0 0.12888257575757575 0.3967391304347826 0.02518939393939394 0.025530839231547017
0 0.8515151515151516 0.13233063700707787 0.02234848484848485 0.023508594539939334
0 0.409375 0.23382204246713853 0.028977272727272727 0.029322548028311426
0 0.8607954545454546 0.015040444893832154 0.023106060606060606 0.03008088978766431
0 0.6721590909090909 0.2545500505561173 0.028409090909090908 0.027300303336703743
0 0.309375 0.13890293225480282 0.030113636363636363 0.0371587462082912
0 0.5910984848484848 0.044489383215369056 0.01818181818181818 0.01820020222446916
0 0.549905303030303 0.02300303336703741 0.03806818181818182 0.04095045500505561
0 0.9428977272727272 0.14004044489383216 0.022916666666666665 0.023255813953488372
0 0.05009469696969697 0.5691354903943378 0.058522727272727275 0.056875631951466124
0 0.8140151515151515 0.054600606673407485 0.017045454545454544 0.021739130434782608
0 0.42888257575757577 0.12828614762386248 0.033901515151515155 0.03564206268958544
0 0.6020833333333333 0.7722446916076845 0.05075757575757576 0.04903943377148635
0 0.1846590909090909 0.1916076845298281 0.02803030303030303 0.032355915065722954
0 0.45861742424242424 0.03905460060667341 0.02821969696969697 0.03109201213346815
0 0.7506628787878787 0.017568250758341758 0.023674242424242424 0.025530839231547017
0 0.7107007575757576 0.4065975733063701 0.03125 0.0371587462082912
0 0.1630681818181818 0.307633973710819 0.03068181818181818 0.03640040444893832
0 0.11401515151515151 0.8897876643073812 0.032196969696969696 0.03387259858442872
0 0.515625 0.21966632962588473 0.024053030303030302 0.027300303336703743
0 0.5393939393939394 0.06825075834175935 0.02537878787878788 0.02578361981799798