0 0.05350378787878788 0.8958543983822043 0.03579545454545455 0.043478260869565216
0 0.17897727272727273 0.2924671385237614 0.0625 0.06471183013144591
0 0.20255681818181817 0.21511627906976744 0.06723484848484848 0.06774519716885744
0 0.33579545454545456 0.7453235591506572 0.07954545454545454 0.08164812942366026
0 0.396875 0.8157229524772498 0.07935606060606061 0.07735085945399393
0 0.32509469696969695 0.965242669362993 0.0740530303030303 0.06900910010111223
0 0.20738636363636365 0.573685540950455 0.06704545454545455 0.07507583417593529
0 0.9222537878787879 0.5688827098078868 0.06912878787878787 0.07254802831142568
0 0.324905303030303 0.544994944388271 0.060037878787878786 0.05712841253791709
0 0.13541666666666666 0.23824570273003035 0.038257575757575754 0.0442366026289181
0 0.3737689393939394 0.8933265925176946 0.07556818181818181 0.07785642062689585
0 0.25558712121212124 0.08025783619817999 0.051704545454545454 0.05283114256825076
0 0.837594696969697 0.06622851365015167 0.0759469696969697 0.06976744186046512
0 0.12272727272727273 0.3231799797775531 0.05227272727272727 0.053842264914054604
0 0.019886363636363636 0.7026036400404448 0.03939393939393939 0.05738119312436805
0 0.11723484848484848 0.6016177957532861 0.0625 0.0621840242669363
0 0.9158143939393939 0.3743680485338726 0.07026515151515152 0.07532861476238625
0 0.9666666666666667 0.5077098078867543 0.05113636363636364 0.05333670374115268
0 0.2265151515151515 0.024646107178968656 0.051515151515151514 0.04929221435793731
0 0.026325757575757575 0.532103134479272 0.05265151515151515 0.08746208291203236
0 0.027746212121212123 0.2647876643073812 0.055492424242424246 0.09479271991911022
0 0.6216856060606061 0.8330384226491405 0.055113636363636365 0.05434782608695652
0 0.715625 0.36122345803842265 0.0831439393939394 0.09453993933265925
0 0.7808712121212121 0.1437057633973711 0.075 0.0776036400404449
0 0.818939393939394 0.38700707785642063 0.0625 0.05965621840242669
0 0.28541666666666665 0.3569261880687563 0.045454545454545456 0.04600606673407482
0 0.03295454545454545 0.9539939332659252 0.04734848484848485 0.051061678463094035
0 0.23522727272727273 0.30257836198179977 0.042045454545454546 0.03993933265925177
0 0.26136363636363635 0.9829373104145601 0.042045454545454546 0.03361981799797775
0 0.9833333333333333 0.15482810920121334 0.03295454545454545 0.04373104145601618
0 0.8959280303030303 0.8920626895854399 0.07746212121212122 0.07735085945399393
0 0.9488636363636364 0.06686046511627906 0.051515151515151514 0.055864509605662284
0 0.4497159090909091 0.6133720930232558 0.07215909090909091 0.06698685540950455
0 0.8915719696969697 0.756066734074823 0.056628787878787876 0.0621840242669363
0 0.05454545454545454 0.1365015166835187 0.035606060606060606 0.036905965621840245
0 0.8533143939393939 0.30030333670374115 0.052083333333333336 0.05915065722952477
0 0.7463068181818182 0.840242669362993 0.06723484848484848 0.06471183013144591
0 0.6420454545454546 0.06458543983822042 0.06893939393939394 0.06193124368048534
0 0.4974431818181818 0.10275530839231548 0.06231060606060606 0.0634479271991911
0 0.40795454545454546 0.5401921132457027 0.06325757575757576 0.057633973710819006
0 0.9020833333333333 0.07697168857431749 0.03106060606060606 0.033114256825075836
0 0.15918560606060606 0.48710819009100104 0.03996212121212121 0.047522750252780584
0 0.12329545454545454 0.12588473205257836 0.05075757575757576 0.050050556117290194
0 0.6962121212121212 0.28640040444893833 0.06818181818181818 0.06622851365015167
0 0.6847537878787879 0.7698432760364005 0.05700757575757576 0.0609201213346815
0 0.49299242424242423 0.5248988877654196 0.07121212121212121 0.07103134479271991
0 0.2768939393939394 0.46865520728008087 0.0659090909090909 0.06673407482305359
0 0.8926136363636363 0.18351870576339738 0.06742424242424243 0.06016177957532862
0 0.653125 0.9189838220424671 0.06041666666666667 0.05889787664307381
0 0.9267045454545455 0.014408493427704751 0.045075757575757575 0.028816986855409503
0 0.5307765151515151 0.9560161779575329 0.03806818181818182 0.03842264914054601
0 0.9357954545454545 0.2269969666329626 0.04053030303030303 0.04196157735085945
0 0.10075757575757575 0.7957532861476239 0.051515151515151514 0.05358948432760364
0 0.05757575757575758 0.6200707785642062 0.05075757575757576 0.06774519716885744
0 0.9824810606060606 0.8906723963599595 0.03428030303030303 0.051820020222446916
0 0.7120265151515152 0.1103387259858443 0.033901515151515155 0.03564206268958544
0 0.6606060606060606 0.6175429726996967 0.05757575757575758 0.06268958543983821
0 0.18579545454545454 0.09264408493427705 0.035606060606060606 0.03918099089989889