0 0.4628787878787879 0.5753286147623863 0.07462121212121212 0.07280080889787664
0 0.6434659090909091 0.19716885743174925 0.06231060606060606 0.0692618806875632
0 0.4706439393939394 0.3351870576339737 0.048106060606060604 0.04954499494438827
0 0.8895833333333333 0.5745702730030333 0.07537878787878788 0.07633973710819009
0 0.6293560606060606 0.44514661274014156 0.06060606060606061 0.06521739130434782
0 0.7301136363636364 0.39699191102123355 0.06704545454545455 0.07355915065722952
0 0.9763257575757576 0.29132962588473205 0.04734848484848485 0.07103134479271991
0 0.4265151515151515 0.9323811931243681 0.05416666666666667 0.054853387259858444
0 0.9652462121212121 0.40369059656218403 0.06950757575757575 0.07532861476238625
0 0.9564393939393939 0.903690596562184 0.053409090909090906 0.05915065722952477
0 0.6803977272727273 0.8691860465116279 0.06306818181818181 0.06799797775530839
0 0.21117424242424243 0.4223963599595551 0.06401515151515151 0.06976744186046512
0 0.05378787878787879 0.08796764408493428 0.04734848484848485 0.050050556117290194
0 0.468655303030303 0.775278058645096 0.06458333333333334 0.07077856420626896
0 0.8049242424242424 0.2256066734074823 0.06060606060606061 0.06294236602628918
0 0.8504734848484848 0.4241658240647118 0.07178030303030303 0.07229524772497473
0 0.38295454545454544 0.33961071789686553 0.07045454545454545 0.070525783619818
0 0.731344696969697 0.5867037411526794 0.06723484848484848 0.07532861476238625
0 0.3569128787878788 0.23382204246713853 0.06571969696969697 0.06825075834175935
0 0.8821969696969697 0.1626643073811931 0.059848484848484845 0.06445904954499494
0 0.36477272727272725 0.6213346814964611 0.07613636363636364 0.08442871587462084
0 0.5583333333333333 0.08228008088978767 0.05568181818181818 0.05990899898887765
0 0.8384469696969697 0.8186299292214358 0.05075757575757576 0.050808897876643076
0 0.25350378787878786 0.3628665318503539 0.06799242424242424 0.07204246713852376
0 0.20558712121212122 0.6989383215369059 0.050189393939393936 0.050050556117290194
0 0.4479166666666667 0.19906471183013144 0.05795454545454545 0.06193124368048534
0 0.5678030303030303 0.3480788675429727 0.06515151515151515 0.06825075834175935
0 0.04261363636363636 0.9245449949443882 0.054924242424242424 0.0634479271991911
0 0.7267045454545454 0.8179979777553084 0.06363636363636363 0.06370070778564206
0 0.6511363636363636 0.9783872598584429 0.06060606060606061 0.042719919110212334
0 0.19507575757575757 0.9768705763397371 0.04431818181818182 0.04322548028311426
0 0.9825757575757575 0.16948938321536905 0.03484848484848485 0.051820020222446916
0 0.01524621212121212 0.21511627906976744 0.03049242424242424 0.0672396359959555
0 0.306155303030303 0.9402173913043478 0.04450757575757576 0.04575328614762386
0 0.08115530303030304 0.9804095045500506 0.05359848484848485 0.03816986855409504
0 0.9295454545454546 0.9793983822042467 0.05075757575757576 0.040697674418604654
0 0.37329545454545454 0.445525783619818 0.07007575757575757 0.07305358948432761
0 0.8208333333333333 0.6083164812942367 0.06287878787878788 0.06698685540950455
0 0.3339962121212121 0.5391809908998989 0.03806818181818182 0.042467138523761376
0 0.5321022727272727 0.6142568250758341 0.05056818181818182 0.05813953488372093
0 0.6859848484848485 0.11817492416582406 0.053409090909090906 0.05637007077856421
0 0.9747159090909091 0.02186552072800809 0.05056818181818182 0.04373104145601618
0 0.8416666666666667 0.06976744186046512 0.03598484848484849 0.042467138523761376
0 0.2700757575757576 0.9768705763397371 0.05643939393939394 0.04524772497472194
0 0.7550189393939394 0.9285894843276037 0.06268939393939393 0.06547017189079879
0 0.21136363636363636 0.12335692618806876 0.06893939393939394 0.07128412537917088
0 0.029734848484848486 0.5877148634984833 0.035606060606060606 0.038928210313447925
0 0.10653409090909091 0.17909504550050556 0.045265151515151515 0.056875631951466124
0 0.7325757575757575 0.695525783619818 0.059848484848484845 0.05788675429726997
0 0.7857954545454545 0.9805358948432761 0.04962121212121212 0.03842264914054601
0 0.12168560606060606 0.0532103134479272 0.06079545454545455 0.07153690596562184
0 0.3068181818181818 0.30738119312436807 0.06856060606060606 0.07229524772497473
0 0.2878787878787879 0.6468655207280081 0.05037878787878788 0.051061678463094035
0 0.013068181818181817 0.5374115267947421 0.026136363636363635 0.047522750252780584
0 0.05577651515151515 0.38650151668351873 0.06117424242424242 0.0692618806875632
0 0.1588068181818182 0.5438574317492416 0.05246212121212121 0.054853387259858444
0 0.022537878787878787 0.4860970677451972 0.045075757575757575 0.05308392315470172
0 0.26079545454545455 0.2269969666329626 0.04924242424242424 0.0551061678463094
0 0.3643939393939394 0.1454752275025278 0.05795454545454545 0.05990899898887765
0 0.1159090909090909 0.38056117290192115 0.03787878787878788 0.04322548028311426
0 0.07670454545454546 0.5372851365015167 0.0625 0.06648129423660262
0 0.28238636363636366 0.7048786653185035 0.05113636363636364 0.048281092012133466
0 0.7964962121212121 0.024646107178968656 0.08276515151515151 0.04929221435793731
0 0.818844696969697 0.14977249747219415 0.051704545454545454 0.051820020222446916
0 0.19299242424242424 0.2901921132457027 0.06477272727272727 0.06471183013144591
0 0.26136363636363635 0.48811931243680484 0.06666666666666667 0.0717896865520728
0 0.42613636363636365 0.6411779575328614 0.04659090909090909 0.04929221435793731
0 0.5464962121212121 0.4633468149646107 0.05738636363636364 0.054600606673407485
0 0.43664772727272727 0.03185035389282103 0.02821969696969697 0.0262891809908999
0 0.9859848484848485 0.6852881698685541 0.02727272727272727 0.038928210313447925
0 0.8963068181818182 0.3519969666329626 0.07518939393939394 0.08215369059656219
0 0.48513257575757573 0.014408493427704751 0.03958333333333333 0.028816986855409503
0 0.7111742424242424 0.7575834175935288 0.045454545454545456 0.043478260869565216
0 0.9140151515151516 0.8723458038422649 0.03409090909090909 0.03741152679474216
0 0.9267045454545455 0.05118806875631952 0.054924242424242424 0.051820020222446916
0 0.04479166666666667 0.792087967644085 0.06268939393939393 0.06193124368048534
0 0.00918560606060606 0.4012891809908999 0.01837121212121212 0.03816986855409504
0 0.562405303030303 0.7004550050556118 0.06723484848484848 0.07077856420626896
0 0.15473484848484848 0.4376895854398382 0.061742424242424244 0.07355915065722952
0 0.103125 0.6448432760364005 0.06079545454545455 0.06370070778564206
0 0.6898674242424242 0.66051567239636 0.040340909090909094 0.044489383215369056
0 0.8399621212121212 0.9738372093023255 0.05909090909090909 0.051820020222446916
0 0.6396780303030303 0.7905712841253791 0.04943181818181818 0.05535894843276037
0 0.19810606060606062 0.843149646107179 0.058712121212121215 0.05889787664307381
0 0.2940340909090909 0.1301820020222447 0.04337121212121212 0.046511627906976744