0 0.42935606060606063 0.9475480283114257 0.07651515151515151 0.0801314459049545
0 0.462405303030303 0.40053083923154703 0.03996212121212121 0.04322548028311426
0 0.6420454545454546 0.493680485338726 0.05454545454545454 0.05156723963599596
0 0.6035984848484849 0.3642568250758342 0.03787878787878788 0.037917087967644085
0 0.02537878787878788 0.1396612740141557 0.02878787878787879 0.03210313447927199
0 0.32168560606060603 0.2784378159757331 0.045265151515151515 0.0442366026289181
0 0.668844696969697 0.9670121334681496 0.06079545454545455 0.06243680485338726
0 0.7933712121212121 0.8155965621840243 0.06553030303030304 0.070525783619818
0 0.9588068181818182 0.25480283114256824 0.023295454545454546 0.02275025278058645
0 0.7267045454545454 0.20702730030333671 0.029166666666666667 0.024772497472194135
0 0.29602272727272727 0.3145854398382204 0.035606060606060606 0.04120323559150657
0 0.16988636363636364 0.333417593528817 0.04431818181818182 0.044489383215369056
0 0.9273674242424242 0.4910262891809909 0.036931818181818184 0.03968655207280081
0 0.5827651515151515 0.06648129423660262 0.022727272727272728 0.020728008088978768
0 0.20634469696969698 0.8359453993933266 0.05776515151515151 0.07077856420626896
0 0.4231060606060606 0.3804347826086957 0.04924242424242424 0.0525783619817998
0 0.16117424242424241 0.2810920121334681 0.029166666666666667 0.03083923154701719
0 0.2274621212121212 0.10654701718907988 0.024242424242424242 0.024014155712841254
0 0.15795454545454546 0.2410262891809909 0.035227272727272725 0.03816986855409504
0 0.7077651515151515 0.15128918099089989 0.023863636363636365 0.02654196157735086
0 0.9006628787878788 0.14926693629929222 0.022916666666666665 0.026036400404448937
0 0.014678030303030304 0.6103387259858443 0.029356060606060608 0.046258847320525785
0 0.362594696969697 0.42795753286147625 0.03617424242424242 0.03741152679474216
0 0.4192234848484849 0.47396359959555107 0.04791666666666667 0.04802831142568251
0 0.8874053030303031 0.11147623862487362 0.022537878787878787 0.020728008088978768
0 0.03740530303030303 0.24127906976744187 0.03238636363636364 0.0346309403437816
0 0.02793560606060606 0.3514914054600607 0.03579545454545455 0.03816986855409504
0 0.6196969696969697 0.028690596562184024 0.023484848484848483 0.02249747219413549
0 0.7759469696969697 0.5310920121334681 0.051515151515151514 0.05308392315470172
0 0.7611742424242425 0.20626895854398383 0.02159090909090909 0.02275025278058645
0 0.9872159090909091 0.14193629929221435 0.02556818181818182 0.03564206268958544
0 0.3765151515151515 0.05712841253791709 0.026893939393939394 0.023761375126390292
0 0.12632575757575756 0.676567239635996 0.027651515151515153 0.02704752275025278
0 0.4712121212121212 0.13169868554095046 0.02537878787878788 0.025278058645096056
0 0.987405303030303 0.47775530839231545 0.02518939393939394 0.03286147623862487
0 0.12746212121212122 0.1929979777553084 0.04053030303030303 0.04474216380182002
0 0.3007575757575758 0.09138018200202225 0.03068181818181818 0.02704752275025278
0 0.2924242424242424 0.041708796764408494 0.020833333333333332 0.017189079878665317
0 0.03579545454545455 0.0455005055611729 0.02803030303030303 0.027805864509605663
0 0.36041666666666666 0.15444893832153692 0.03787878787878788 0.03185035389282103
0 0.5888257575757576 0.7679474216380182 0.07121212121212121 0.0717896865520728
0 0.2194128787878788 0.22535389282103135 0.03049242424242424 0.03109201213346815
0 0.6160037878787878 0.08101617795753287 0.027462121212121212 0.02654196157735086
0 0.665625 0.22548028311425683 0.028977272727272727 0.02578361981799798
0 0.7765151515151515 0.14522244691607686 0.026136363636363635 0.024519716885743174
0 0.881155303030303 0.0820273003033367 0.024431818181818183 0.024519716885743174
0 0.05473484848484848 0.29587967644084934 0.03901515151515152 0.03918099089989889
0 0.011079545454545455 0.3859959555106168 0.02215909090909091 0.03943377148634985
0 0.21259469696969696 0.7579625884732053 0.06761363636363636 0.0755813953488372
0 0.6370265151515152 0.7026036400404448 0.058143939393939394 0.06193124368048534
0 0.9378787878787879 0.16519211324570274 0.025757575757575757 0.028058645096056625
0 0.11117424242424243 0.089737108190091 0.025 0.02578361981799798
0 0.731344696969697 0.028943377148634986 0.020265151515151514 0.018958543983822043
0 0.5178977272727273 0.881066734074823 0.07784090909090909 0.09074823053589484
0 0.1765151515151515 0.17644084934277046 0.038636363636363635 0.04196157735085945
0 0.9006628787878788 0.2358442871587462 0.030871212121212122 0.028311425682507583
0 0.07916666666666666 0.3772750252780586 0.045454545454545456 0.04019211324570273
0 0.19829545454545455 0.09946916076845298 0.029924242424242423 0.035136501516683516
0 0.7192234848484849 0.11438321536905965 0.021780303030303032 0.019969666329625886
0 0.6894886363636363 0.08152173913043478 0.024431818181818183 0.02199191102123357
0 0.16704545454545455 0.05308392315470172 0.01893939393939394 0.017189079878665317
0 0.5010416666666667 0.3335439838220425 0.04640151515151515 0.047269969666329625
0 0.45615530303030305 0.028185035389282104 0.021022727272727273 0.01744186046511628
0 0.6666666666666666 0.05851870576339737 0.022727272727272728 0.019969666329625886
0 0.34867424242424244 0.07937310414560161 0.025 0.02275025278058645
0 0.609185606060606 0.21334681496461072 0.029356060606060608 0.030333670374115267
0 0.15852272727272726 0.13144590495449948 0.029166666666666667 0.027805864509605663
0 0.5749053030303031 0.014408493427704751 0.03276515151515152 0.027300303336703743
0 0.06524621212121212 0.34049544994944386 0.04071969696969697 0.038928210313447925
0 0.05520833333333333 0.07785642062689585 0.02140151515151515 0.01870576339737108
0 0.6555871212121213 0.015546006066734074 0.020265151515151514 0.01693629929221436
0 0.6426136363636363 0.11627906976744186 0.023863636363636365 0.027300303336703743
0 0.5015151515151515 0.21953993933265925 0.03068181818181818 0.0275530839231547
0 0.4327651515151515 0.563953488372093 0.060227272727272727 0.06268958543983821
0 0.7918560606060606 0.02654196157735086 0.020833333333333332 0.01820020222446916
0 0.4747159090909091 0.0692618806875632 0.024053030303030302 0.023761375126390292
0 0.6620265151515151 0.15672396359959556 0.030113636363636363 0.025278058645096056
0 0.743465909090909 0.4296006066734075 0.0490530303030303 0.050808897876643076
0 0.577935606060606 0.39838220424671383 0.05359848484848485 0.051061678463094035
0 0.8768939393939394 0.1629170879676441 0.03333333333333333 0.03058645096056623
0 0.8166666666666667 0.14648634984833164 0.02159090909090909 0.02249747219413549
0 0.6872159090909091 0.19198685540950455 0.03049242424242424 0.028058645096056625
0 0.06325757575757576 0.44059656218402427 0.026515151515151516 0.029828109201213347
0 0.49318181818181817 0.10591506572295248 0.02196969696969697 0.022244691607684528
0 0.681155303030303 0.12740141557128412 0.02140151515151515 0.016683518705763397
0 0.262405303030303 0.19084934277047522 0.03806818181818182 0.041456016177957536
0 0.9186553030303031 0.1166582406471183 0.023295454545454546 0.02199191102123357
0 0.7448863636363636 0.16367542972699697 0.02159090909090909 0.023508594539939334
0 0.7455492424242425 0.10351365015166836 0.021780303030303032 0.020980788675429726
0 0.7839962121212121 0.22408998988877654 0.03125 0.02704752275025278
0 0.4305871212121212 0.0839231547017189 0.023295454545454546 0.019211324570273004
0 0.01524621212121212 0.5226238624873609 0.03049242424242424 0.03361981799797775
0 0.13096590909090908 0.6138776541961577 0.03049242424242424 0.028564206268958545
0 0.9731060606060606 0.17416582406471184 0.03068181818181818 0.032355915065722954
0 0.06240530303030303 0.13005561172901922 0.020643939393939395 0.019464105156723963
0 0.03380681818181818 0.014914054600606673 0.02481060606060606 0.023761375126390292
0 0.5179924242424242 0.06622851365015167 0.024242424242424242 0.021739130434782608
0 0.7847537878787879 0.1083164812942366 0.024431818181818183 0.025025278058645097
0 0.40047348484848483 0.08758847320525784 0.02140151515151515 0.020980788675429726
0 0.11827651515151515 0.05434782608695652 0.020265151515151514 0.020222446916076844
0 0.09327651515151515 0.5116279069767442 0.05132575757575757 0.050050556117290194
0 0.006628787878787879 0.1698685540950455 0.013257575757575758 0.029828109201213347
0 0.015435606060606061 0.09769969666329625 0.024431818181818183 0.019969666329625886
0 0.3202651515151515 0.13030839231547017 0.03636363636363636 0.03816986855409504
0 0.07850378787878788 0.26832659251769464 0.02556818181818182 0.025025278058645097
0 0.42613636363636365 0.043478260869565216 0.019696969696969695 0.01820020222446916
0 0.653125 0.0346309403437816 0.024431818181818183 0.01314459049544995
0 0.024337121212121213 0.9058392315470172 0.048674242424242425 0.0776036400404449
0 0.07897727272727273 0.07912032355915066 0.020454545454545454 0.021233569261880688
0 0.781155303030303 0.2536653185035389 0.023674242424242424 0.02654196157735086
0 0.462405303030303 0.09719413549039434 0.02821969696969697 0.024519716885743174
0 0.8910037878787879 0.044110212335692615 0.01837121212121212 0.020980788675429726
0 0.3422348484848485 0.041708796764408494 0.02878787878787879 0.028311425682507583
0 0.9838068181818181 0.7281344792719919 0.03238636363636364 0.03816986855409504
0 0.19488636363636364 0.05674924165824065 0.02462121212121212 0.02199191102123357
0 0.481155303030303 0.016809908998988876 0.022916666666666665 0.02199191102123357
0 0.11079545454545454 0.41771991911021233 0.041666666666666664 0.04524772497472194
0 0.5535037878787878 0.9738372093023255 0.07329545454545454 0.051820020222446916
0 0.11458333333333333 0.1569767441860465 0.02196969696969697 0.021739130434782608
0 0.6368371212121212 0.2748988877654196 0.02140151515151515 0.02249747219413549
0 0.8394886363636364 0.07735085945399393 0.02859848484848485 0.027300303336703743
0 0.6661931818181818 0.2582153690596562 0.02481060606060606 0.024519716885743174
0 0.7339962121212121 0.08518705763397372 0.026325757575757575 0.016683518705763397
0 0.21524621212121212 0.028437815975733062 0.02859848484848485 0.026036400404448937
0 0.013446969696969697 0.2919615773508595 0.026515151515151516 0.027300303336703743
0 0.09081439393939394 0.21916076845298282 0.026325757575757575 0.024772497472194135
0 0.23200757575757575 0.051820020222446916 0.027651515151515153 0.03134479271991911
0 0.7047348484848485 0.05750758341759353 0.020833333333333332 0.020475227502527806
0 0.18977272727272726 0.6069261880687563 0.051893939393939395 0.0551061678463094
0 0.3859848484848485 0.3439079878665319 0.048484848484848485 0.04929221435793731
0 0.3765151515151515 0.7027300303336703 0.0375 0.03741152679474216
0 0.5106060606060606 0.2819767441860465 0.03484848484848485 0.034125379170879676
0 0.2922348484848485 0.0659757330637007 0.02196969696969697 0.01769464105156724
0 0.38456439393939396 0.11842770475227503 0.03276515151515152 0.03210313447927199
0 0.33759469696969696 0.9475480283114257 0.05965909090909091 0.06243680485338726
0 0.3418560606060606 0.008215369059656218 0.027651515151515153 0.016430738119312435
0 0.8478219696969697 0.8701971688574317 0.05056818181818182 0.05030333670374115
0 0.12746212121212122 0.29764914054600605 0.028409090909090908 0.029069767441860465
0 0.16865530303030302 0.018832153690596563 0.02215909090909091 0.02199191102123357
0 0.9920454545454546 0.2429221435793731 0.01553030303030303 0.017189079878665317
0 0.17111742424242424 0.5438574317492416 0.041856060606060605 0.04878665318503539
0 0.7779356060606061 0.06761880687563195 0.024431818181818183 0.023508594539939334
0 0.287594696969697 0.756319514661274 0.03314393939393939 0.03538928210313448
0 0.8277462121212121 0.22965116279069767 0.019128787878787877 0.016430738119312435
0 0.1338068181818182 0.10970677451971689 0.03276515151515152 0.028311425682507583
0 0.5673295454545455 0.04512133468149646 0.01875 0.019464105156723963
0 0.5355113636363636 0.3993933265925177 0.03465909090909091 0.03741152679474216
0 0.08276515151515151 0.16911021233569262 0.03257575757575758 0.030333670374115267
0 0.818655303030303 0.27553083923154703 0.026325757575757575 0.027805864509605663
0 0.9418560606060606 0.40773508594539937 0.030303030303030304 0.027805864509605663
0 0.2696022727272727 0.6818756319514662 0.060037878787878786 0.0659757330637007