0 0.1303030303030303 0.7971435793731041 0.056818181818181816 0.05738119312436805
0 0.787784090909091 0.7828614762386249 0.045265151515151515 0.05055611729019211
0 0.3392045454545455 0.5815217391304348 0.07121212121212121 0.07254802831142568
0 0.512594696969697 0.7151162790697675 0.05397727272727273 0.06167846309403438
0 0.025 0.27325581395348836 0.05 0.051061678463094035
0 0.7428030303030303 0.5949191102123357 0.04393939393939394 0.04979777553083923
0 0.19365530303030304 0.7392568250758341 0.058522727272727275 0.0609201213346815
0 0.1903409090909091 0.5597826086956522 0.06553030303030304 0.07457027300303337
0 0.6839962121212121 0.30573811931243683 0.04640151515151515 0.04929221435793731
0 0.6946022727272727 0.7004550050556118 0.04450757575757576 0.044489383215369056
0 0.4509469696969697 0.11640546006066733 0.035606060606060606 0.040697674418604654
0 0.6234848484848485 0.43389787664307383 0.04696969696969697 0.047269969666329625
0 0.774715909090909 0.019464105156723963 0.0490530303030303 0.038928210313447925
0 0.03125 0.4687815975733064 0.0625 0.07457027300303337
0 0.6607954545454545 0.7398887765419616 0.03636363636363636 0.038928210313447925
0 0.6356060606060606 0.6835187057633973 0.045454545454545456 0.0525783619817998
0 0.912784090909091 0.6399140546006067 0.04071969696969697 0.046258847320525785
0 0.7492424242424243 0.6937563195146613 0.056818181818181816 0.06445904954499494
0 0.1821969696969697 0.04006572295247725 0.05909090909090909 0.0634479271991911
0 0.5517045454545455 0.5944135490394338 0.05454545454545454 0.05990899898887765
0 0.17992424242424243 0.22548028311425683 0.042045454545454546 0.0429726996966633
0 0.9098484848484848 0.7027300303336703 0.05075757575757576 0.05712841253791709
0 0.19204545454545455 0.9637259858442871 0.07196969696969698 0.070525783619818
0 0.5694128787878788 0.7731294236602629 0.04981060606060606 0.050808897876643076
0 0.37007575757575756 0.03551567239635996 0.051515151515151514 0.054853387259858444
0 0.023768939393939394 0.7292719919110212 0.04753787878787879 0.05864509605662285
0 0.6677083333333333 0.11438321536905965 0.05359848484848485 0.05738119312436805
0 0.8172348484848485 0.6196916076845298 0.05757575757575758 0.05637007077856421
0 0.10681818181818181 0.9101365015166836 0.04772727272727273 0.054853387259858444
0 0.22954545454545455 0.2575834175935288 0.06060606060606061 0.05813953488372093
0 0.1640151515151515 0.5011375126390293 0.06136363636363636 0.059403437815975735
0 0.6640151515151516 0.5827856420626896 0.035227272727272725 0.04019211324570273
0 0.5329545454545455 0.18478260869565216 0.03674242424242424 0.04095045500505561
0 0.562594696969697 0.48622345803842265 0.03276515151515152 0.0346309403437816
0 0.228125 0.6319514661274014 0.056628787878787876 0.05409504550050556
0 0.06846590909090909 0.3722194135490394 0.05587121212121212 0.061425682507583415
0 0.12272727272727273 0.6141304347826086 0.07348484848484849 0.07608695652173914
0 0.14327651515151515 0.12070273003033367 0.03958333333333333 0.03816986855409504
0 0.47689393939393937 0.07141051567239635 0.05265151515151515 0.055864509605662284
0 0.5859848484848484 0.6970424671385238 0.03409090909090909 0.03008088978766431
0 0.9710227272727273 0.12209302325581395 0.04924242424242424 0.04903943377148635
0 0.528125 0.2752780586450961 0.035037878787878785 0.03640040444893832
0 0.37007575757575756 0.9330131445904954 0.045454545454545456 0.044489383215369056
0 0.6106060606060606 0.5917593528816987 0.03257575757575758 0.03488372093023256
0 0.2290719696969697 0.38169868554095043 0.04981060606060606 0.050050556117290194
0 0.5142045454545454 0.3262133468149646 0.05227272727272727 0.05283114256825076
0 0.4075757575757576 0.47762891809908997 0.04621212121212121 0.05030333670374115
0 0.8648674242424242 0.5248988877654196 0.04261363636363636 0.046258847320525785
0 0.42954545454545456 0.5460060667340748 0.048484848484848485 0.05308392315470172
0 0.9872159090909091 0.19274519716885744 0.02556818181818182 0.04878665318503539
0 0.5111742424242425 0.009984833164812943 0.03598484848484849 0.019969666329625886
0 0.8479166666666667 0.09504550050556117 0.05454545454545454 0.0525783619817998
0 0.11448863636363636 0.3279828109201213 0.03768939393939394 0.03816986855409504
0 0.04971590909090909 0.6675935288169869 0.05246212121212121 0.05915065722952477
0 0.4714962121212121 0.8011880687563195 0.05587121212121212 0.05839231547017189
0 0.2618371212121212 0.9083670374115268 0.06079545454545455 0.05889787664307381
0 0.45208333333333334 0.3653943377148635 0.04015151515151515 0.047269969666329625
0 0.2538825757575758 0.5644590495449949 0.05246212121212121 0.05156723963599596
0 0.4990530303030303 0.9330131445904954 0.05568181818181818 0.07381193124368049
0 0.2676136363636364 0.7602376137512639 0.05606060606060606 0.06193124368048534
0 0.15615530303030303 0.897876643073812 0.05435606060606061 0.05358948432760364
0 0.7892045454545454 0.23900404448938323 0.023106060606060606 0.03008088978766431
0 0.6168560606060606 0.8277300303336703 0.03598484848484849 0.03766430738119313
0 0.7142045454545455 0.010869565217391304 0.03636363636363636 0.021739130434782608
0 0.39043560606060607 0.3672901921132457 0.05738636363636364 0.056622851365015166
0 0.7397727272727272 0.541076845298281 0.03409090909090909 0.03816986855409504
0 0.6495265151515152 0.9351617795753286 0.048295454545454544 0.04929221435793731
0 0.984185606060606 0.8929474216380182 0.03125 0.05889787664307381
0 0.36581439393939397 0.10275530839231548 0.03617424242424242 0.0346309403437816
0 0.12367424242424242 0.17467138523761375 0.051515151515151514 0.057633973710819006
0 0.29043560606060603 0.050808897876643076 0.05056818181818182 0.05813953488372093
0 0.6711174242424243 0.8598331648129424 0.06117424242424242 0.0609201213346815
0 0.19990530303030302 0.3024519716885743 0.030113636363636363 0.028564206268958545
0 0.14403409090909092 0.25985844287158744 0.05397727272727273 0.0525783619817998
0 0.909375 0.15369059656218403 0.038825757575757576 0.03538928210313448
0 0.6884469696969697 0.24848331648129424 0.03295454545454545 0.034378159757330634
0 0.12907196969696969 0.03147118301314459 0.033901515151515155 0.03867542972699697
0 0.30435606060606063 0.10224974721941354 0.03598484848484849 0.03159757330637007
0 0.5991477272727272 0.07027300303336703 0.055113636363636365 0.04903943377148635
0 0.5666666666666667 0.42138523761375124 0.05416666666666667 0.05611729019211325
0 0.29924242424242425 0.9719413549039434 0.06212121212121212 0.0551061678463094
0 0.36581439393939397 0.9833164812942367 0.038825757575757576 0.03286147623862487
0 0.9879734848484848 0.5151668351870576 0.023674242424242424 0.0358948432760364
0 0.5227272727272727 0.1428210313447927 0.05454545454545454 0.056622851365015166
0 0.431155303030303 0.04044489383215369 0.04981060606060606 0.054600606673407485
0 0.06931818181818182 0.7888018200202225 0.048863636363636366 0.04929221435793731
0 0.8327651515151515 0.7069009100101112 0.037121212121212124 0.03918099089989889
0 0.03276515151515152 0.1871840242669363 0.032196969696969696 0.03564206268958544
0 0.2622159090909091 0.33543983822042467 0.04943181818181818 0.04954499494438827
0 0.6534090909090909 0.012765419615773509 0.04053030303030303 0.025530839231547017
0 0.878125 0.8101617795753286 0.036931818181818184 0.037917087967644085
0 0.011837121212121212 0.3375884732052578 0.023674242424242424 0.04373104145601618
0 0.6137310606060606 0.3835945399393327 0.03125 0.0371587462082912
0 0.5114583333333333 0.40141557128412536 0.05965909090909091 0.05358948432760364
0 0.6111742424242425 0.13624873609706775 0.054924242424242424 0.0672396359959555
0 0.959375 0.97762891809909 0.05056818181818182 0.04373104145601618
0 0.7070075757575758 0.9833164812942367 0.038636363636363635 0.03286147623862487
0 0.02234848484848485 0.878412537917088 0.0446969696969697 0.05915065722952477
0 0.890435606060606 0.19969666329625885 0.025946969696969698 0.027300303336703743
0 0.6045454545454545 0.47914560161779574 0.03333333333333333 0.03361981799797775
0 0.02206439393939394 0.06938827098078867 0.042234848484848486 0.041708796764408494
0 0.43001893939393937 0.5998483316481295 0.04753787878787879 0.050050556117290194
0 0.9834280303030303 0.326845298281092 0.03314393939393939 0.052072800808897875
0 0.8361742424242424 0.4365520728008089 0.054924242424242424 0.05358948432760364
0 0.29848484848484846 0.6945146612740142 0.07045454545454545 0.07002022244691608
0 0.7692234848484848 0.8364509605662285 0.03996212121212121 0.03943377148634985
0 0.9791666666666666 0.05573811931243681 0.041666666666666664 0.05333670374115268
0 0.6615530303030303 0.8077603640040445 0.04659090909090909 0.04524772497472194
0 0.7869318181818182 0.5022750252780587 0.0375 0.03993933265925177
0 0.13011363636363638 0.9792719919110212 0.051515151515151514 0.04044489383215369
0 0.03162878787878788 0.8253286147623863 0.04696969696969697 0.046511627906976744
0 0.774715909090909 0.2972699696663296 0.05587121212121212 0.05813953488372093
0 0.6321022727272727 0.5238877654196158 0.03806818181818182 0.03614762386248736
0 0.468655303030303 0.21941354903943378 0.05397727272727273 0.054600606673407485
0 0.5622159090909091 0.23811931243680484 0.03049242424242424 0.03083923154701719
0 0.6670454545454545 0.6314459049544995 0.02878787878787879 0.03387259858442872
0 0.30643939393939396 0.49974721941354905 0.05909090909090909 0.057633973710819006
0 0.06761363636363636 0.2999241658240647 0.03977272727272727 0.03816986855409504
0 0.38484848484848483 0.5203488372093024 0.033712121212121214 0.03564206268958544
0 0.7366477272727273 0.9404701718907987 0.035416666666666666 0.03918099089989889
0 0.3481060606060606 0.6610212335692619 0.031818181818181815 0.03286147623862487
0 0.8428030303030303 0.8476996966632963 0.05227272727272727 0.048281092012133466
0 0.9089962121212121 0.5233822042467139 0.045265151515151515 0.0371587462082912
0 0.7081439393939394 0.3800556117290192 0.03977272727272727 0.0371587462082912
0 0.0696969696969697 0.2580889787664307 0.045075757575757575 0.03993933265925177
0 0.9341856060606061 0.8839737108190091 0.042234848484848486 0.0525783619817998
0 0.8868371212121212 0.2627654196157735 0.038825757575757576 0.04322548028311426
0 0.5131628787878788 0.5465116279069767 0.056628787878787876 0.05156723963599596
0 0.3693181818181818 0.7383720930232558 0.0446969696969697 0.04196157735085945
0 0.531344696969697 0.0743174924165824 0.045643939393939396 0.04499494438827098
0 0.5776515151515151 0.015166835187057633 0.04393939393939394 0.030333670374115267
0 0.4323863636363636 0.1621587462082912 0.06060606060606061 0.06193124368048534
0 0.797064393939394 0.9520980788675429 0.04715909090909091 0.051820020222446916
0 0.9870265151515152 0.756319514661274 0.025946969696969698 0.03993933265925177