0 0.01903409090909091 0.47093023255813954 0.03806818181818182 0.05409504550050556
0 0.38835227272727274 0.7930990899898888 0.05056818181818182 0.050808897876643076
0 0.3301136363636364 0.8748736097067745 0.04090909090909091 0.044489383215369056
0 0.568844696969697 0.47598584428715873 0.042234848484848486 0.0429726996966633
0 0.18276515151515152 0.6277805864509606 0.04318181818181818 0.04474216380182002
0 0.26022727272727275 0.6332153690596563 0.05795454545454545 0.05611729019211325
0 0.38759469696969695 0.9001516683518705 0.045265151515151515 0.046511627906976744
0 0.8370265151515152 0.714231547017189 0.03162878787878788 0.03614762386248736
0 0.6036931818181818 0.4378159757330637 0.03920454545454546 0.04196157735085945
0 0.30710227272727275 0.8100353892821032 0.05397727272727273 0.05333670374115268
0 0.4525568181818182 0.7065217391304348 0.05890151515151515 0.06016177957532862
0 0.6686553030303031 0.5540950455005056 0.060037878787878786 0.057633973710819006
0 0.9471590909090909 0.49481799797775533 0.04318181818181818 0.04524772497472194
0 0.7377840909090909 0.2639029322548028 0.03276515151515152 0.03538928210313448
0 0.115625 0.5635743174924166 0.028977272727272727 0.02654196157735086
0 0.312405303030303 0.9320020222446916 0.038825757575757576 0.042467138523761376
0 0.23683712121212122 0.6823811931243681 0.044886363636363634 0.04777553083923155
0 0.11477272727272728 0.525530839231547 0.038636363636363635 0.03993933265925177
0 0.4872159090909091 0.4706774519716886 0.04981060606060606 0.04903943377148635
0 0.45388257575757573 0.5427199191102123 0.04678030303030303 0.0525783619817998
0 0.7676136363636363 0.5303336703741153 0.05265151515151515 0.054600606673407485
0 0.5213068181818182 0.6773255813953488 0.045643939393939396 0.047269969666329625
0 0.4077651515151515 0.8406218402426694 0.054924242424242424 0.04777553083923155
0 0.45075757575757575 0.9394590495449949 0.04734848484848485 0.05283114256825076
0 0.35511363636363635 0.4576592517694641 0.048484848484848485 0.048281092012133466
0 0.5645833333333333 0.6348584428715874 0.03939393939393939 0.046258847320525785
0 0.3377840909090909 0.23445399393326594 0.02518939393939394 0.02654196157735086
0 0.5660037878787879 0.2774266936299292 0.020265151515151514 0.019969666329625886
0 0.9338068181818182 0.42214357937310415 0.04299242424242424 0.04095045500505561
0 0.6303030303030303 0.8794236602628918 0.04015151515151515 0.043478260869565216
0 0.9838068181818181 0.6203235591506572 0.03238636363636364 0.0525783619817998
0 0.32670454545454547 0.2644084934277047 0.026893939393939394 0.023761375126390292
0 0.868844696969697 0.676314459049545 0.05473484848484848 0.05637007077856421
0 0.9783143939393939 0.7997977755308392 0.038446969696969695 0.038928210313447925
0 0.09791666666666667 0.6940091001011123 0.048863636363636366 0.053842264914054604
0 0.11619318181818182 0.8767694641051568 0.038825757575757576 0.04019211324570273
0 0.7604166666666666 0.7555611729019212 0.04318181818181818 0.03993933265925177
0 0.6069128787878788 0.9752275025278059 0.06231060606060606 0.04903943377148635
0 0.4035037878787879 0.28538928210313447 0.021780303030303032 0.017189079878665317
0 0.015909090909090907 0.11109706774519718 0.031818181818181815 0.050808897876643076
0 0.20227272727272727 0.8168604651162791 0.048106060606060604 0.056875631951466124
0 0.10700757575757576 0.9802831142568251 0.03484848484848485 0.03640040444893832
0 0.6606060606060606 0.7542972699696663 0.03901515151515152 0.0358948432760364
0 0.28285984848484846 0.8832153690596563 0.04375 0.04853387259858443
0 0.39299242424242425 0.7482305358948432 0.04621212121212121 0.04044489383215369
0 0.01268939393939394 0.057633973710819006 0.02537878787878788 0.03185035389282103
0 0.15151515151515152 0.6650657229524772 0.029545454545454545 0.032355915065722954
0 0.3321969696969697 0.7564459049544995 0.048484848484848485 0.056875631951466124
0 0.16325757575757577 0.9868554095045501 0.03106060606060606 0.02578361981799798
0 0.6686553030303031 0.4661274014155713 0.06079545454545455 0.057633973710819006
0 0.6263257575757576 0.6712588473205258 0.041666666666666664 0.046258847320525785
0 0.5648674242424242 0.43705763397371084 0.036931818181818184 0.03741152679474216
0 0.4275568181818182 0.19729524772497473 0.02215909090909091 0.020980788675429726
0 0.28039772727272727 0.5332406471183013 0.0490530303030303 0.051820020222446916
0 0.5102272727272728 0.9740899898887766 0.05454545454545454 0.050808897876643076
0 0.6668560606060606 0.30295753286147625 0.024242424242424242 0.02148634984833165
0 0.4961174242424242 0.8708291203235592 0.050189393939393936 0.0525783619817998
0 0.8856060606060606 0.9847067745197169 0.03143939393939394 0.03008088978766431
0 0.7111742424242424 0.6859201213346815 0.03598484848484849 0.040697674418604654
0 0.965814393939394 0.36981799797775533 0.026325757575757575 0.023761375126390292
0 0.19100378787878788 0.9028058645096056 0.03125 0.029069767441860465
0 0.9135416666666667 0.6725227502527806 0.03125 0.03361981799797775
0 0.700189393939394 0.6114762386248737 0.05909090909090909 0.05965621840242669
0 0.2422348484848485 0.9780080889787665 0.05037878787878788 0.043478260869565216
0 0.058143939393939394 0.47864004044489383 0.038636363636363635 0.040697674418604654
0 0.06041666666666667 0.541076845298281 0.03295454545454545 0.03665318503538928
0 0.7045454545454546 0.9122851365015167 0.059848484848484845 0.06875631951466127
0 0.6005681818181818 0.15760869565217392 0.035227272727272725 0.03159757330637007
0 0.4100378787878788 0.9828109201213346 0.04090909090909091 0.033367037411526794
0 0.8555871212121212 0.1801061678463094 0.02140151515151515 0.020475227502527806