0 0.09791666666666667 0.2321789686552073 0.12310606060606061 0.13372093023255813
0 0.07433712121212122 0.9333923154701719 0.12670454545454546 0.1327098078867543
0 0.2168560606060606 0.8832153690596563 0.11666666666666667 0.15925176946410516
0 0.10520833333333333 0.5951718907987866 0.13428030303030303 0.14635995955510617
0 0.34990530303030304 0.41140040444893833 0.13579545454545455 0.1352376137512639
0 0.8071969696969697 0.7007077856420627 0.10568181818181818 0.121840242669363
0 0.10397727272727272 0.4012891809908999 0.10795454545454546 0.1160262891809909
0 0.2611742424242424 0.2866531850353893 0.10871212121212122 0.12740141557128412
0 0.4168560606060606 0.8851112234580384 0.16287878787878787 0.15444893832153692
0 0.6068181818181818 0.31964105156723965 0.1125 0.12158746208291203
0 0.4178977272727273 0.14193629929221435 0.12518939393939393 0.1327098078867543
0 0.027556818181818182 0.36248736097067746 0.055113636363636365 0.12234580384226491
0 0.05804924242424243 0.11678463094034378 0.10965909090909091 0.12082912032355915
0 0.8109848484848485 0.2089231547017189 0.10795454545454546 0.11450960566228513
0 0.9559659090909091 0.29069767441860467 0.08806818181818182 0.121840242669363
0 0.968655303030303 0.5013902932254802 0.06231060606060606 0.1018705763397371
0 0.051704545454545454 0.7522750252780587 0.09545454545454546 0.0980788675429727
0 0.2537878787878788 0.6918604651162791 0.10378787878787879 0.11122345803842265
0 0.26401515151515154 0.11779575328614762 0.10416666666666667 0.12234580384226491
0 0.4472537878787879 0.6927451971688574 0.11079545454545454 0.12108190091001012
0 0.6551136363636364 0.9605662285136501 0.10113636363636364 0.07684529828109202
0 0.5020833333333333 0.5510616784630941 0.1018939393939394 0.10414560161779575
0 0.615625 0.7975227502527806 0.11117424242424243 0.11627906976744186
0 0.709375 0.4301061678463094 0.07253787878787879 0.0826592517694641
0 0.14772727272727273 0.7249747219413549 0.09242424242424242 0.09908998988877654
0 0.9836174242424243 0.39143073811931245 0.03276515151515152 0.055864509605662284
0 0.9607954545454546 0.03576845298281092 0.04962121212121212 0.07002022244691608
0 0.7049242424242425 0.6577350859453994 0.07916666666666666 0.07937310414560161
0 0.5543560606060606 0.44792719919110213 0.08598484848484848 0.08695652173913043
0 0.9821969696969697 0.5791203235591507 0.035606060606060606 0.05712841253791709
0 0.23664772727272726 0.5245197168857432 0.10132575757575757 0.10262891809908999
0 0.019886363636363636 0.6214610717896866 0.03977272727272727 0.0872093023255814