0 0.4565340909090909 0.391304347826087 0.07670454545454546 0.08291203235591507
0 0.6275568181818182 0.067366026289181 0.06458333333333334 0.06749241658240647
0 0.9051136363636364 0.16430738119312438 0.05946969696969697 0.06319514661274014
0 0.6686553030303031 0.333417593528817 0.0740530303030303 0.07077856420626896
0 0.41439393939393937 0.5197168857431749 0.07765151515151515 0.0839231547017189
0 0.7640151515151515 0.480535894843276 0.054924242424242424 0.0621840242669363
0 0.7059659090909091 0.9426188068756319 0.06950757575757575 0.07077856420626896
0 0.3930871212121212 0.6354903943377148 0.08693181818181818 0.08190091001011122
0 0.6886363636363636 0.16456016177957533 0.05454545454545454 0.05156723963599596
0 0.7452651515151515 0.7242163801820021 0.06136363636363636 0.06673407482305359
0 0.7711174242424242 0.03147118301314459 0.05056818181818182 0.05131445904954499
0 0.8320075757575758 0.9356673407482305 0.05113636363636364 0.05434782608695652
0 0.36685606060606063 0.7713599595551062 0.055303030303030305 0.053842264914054604
0 0.9393939393939394 0.29802831142568253 0.041666666666666664 0.046511627906976744
0 0.3778409090909091 0.2358442871587462 0.05946969696969697 0.06825075834175935
0 0.2634469696969697 0.3943377148634985 0.05757575757575758 0.06268958543983821
0 0.13115530303030304 0.6972952477249748 0.07178030303030303 0.06799797775530839
0 0.6307765151515151 0.6849089989888777 0.06420454545454546 0.06547017189079879
0 0.041666666666666664 0.4517189079878665 0.06363636363636363 0.07027300303336703
0 0.8170454545454545 0.8401162790697675 0.06136363636363636 0.06395348837209303
0 0.28664772727272725 0.4960819009100101 0.06988636363636364 0.07204246713852376
0 0.499905303030303 0.7711071789686552 0.06761363636363636 0.06547017189079879
0 0.6817234848484849 0.5875884732052579 0.058522727272727275 0.06193124368048534
0 0.9775568181818182 0.31711324570273003 0.044886363636363634 0.0826592517694641
0 0.21202651515151516 0.9337714863498483 0.07632575757575757 0.07987866531850354
0 0.5591856060606061 0.0955510616784631 0.05587121212121212 0.05611729019211325
0 0.08134469696969697 0.5898634984833164 0.06117424242424242 0.06193124368048534
0 0.16079545454545455 0.47813447927199193 0.07386363636363637 0.0826592517694641
0 0.293655303030303 0.25113751263902934 0.061931818181818185 0.06294236602628918
0 0.2047348484848485 0.6430738119312437 0.061742424242424244 0.06370070778564206
0 0.5497159090909091 0.24342770475227501 0.055492424242424246 0.054600606673407485
0 0.3640151515151515 0.9490647118301314 0.09621212121212121 0.09732052578361981
0 0.8584280303030303 0.18756319514661274 0.038446969696969695 0.04196157735085945
0 0.9815340909090909 0.7666835187057633 0.0365530303030303 0.06167846309403438
0 0.23134469696969698 0.7507583417593529 0.06382575757575758 0.06521739130434782
0 0.921875 0.7156218402426694 0.04981060606060606 0.0525783619817998
0 0.49043560606060604 0.5561172901921132 0.06420454545454546 0.07128412537917088
0 0.571685606060606 0.3121840242669363 0.06382575757575758 0.0717896865520728
0 0.2077651515151515 0.06686046511627906 0.06401515151515151 0.06648129423660262
0 0.5664772727272728 0.8190091001011123 0.054924242424242424 0.056622851365015166
0 0.07215909090909091 0.3469413549039434 0.04431818181818182 0.047269969666329625
0 0.14327651515151515 0.8292467138523761 0.045265151515151515 0.0467644084934277
0 0.9815340909090909 0.43035894843276035 0.0365530303030303 0.04979777553083923
0 0.014015151515151515 0.05295753286147624 0.02803030303030303 0.042719919110212334
0 0.622064393939394 0.5585187057633973 0.058143939393939394 0.06648129423660262
0 0.7958333333333333 0.09138018200202225 0.058712121212121215 0.05637007077856421
0 0.8379734848484849 0.46498988877654196 0.07026515151515152 0.06547017189079879
0 0.8793560606060606 0.9049544994944388 0.0428030303030303 0.046511627906976744
0 0.13551136363636362 0.15179474216380182 0.050189393939393936 0.05738119312436805
0 0.12831439393939395 0.27654196157735084 0.04791666666666667 0.046511627906976744
0 0.014299242424242424 0.9143073811931244 0.02859848484848485 0.05358948432760364
0 0.7013257575757575 0.8025783619817998 0.056818181818181816 0.05712841253791709
0 0.046875 0.8552831142568251 0.05321969696969697 0.05889787664307381
0 0.515814393939394 0.8239383215369059 0.027083333333333334 0.029069767441860465
0 0.8492424242424242 0.32065217391304346 0.05303030303030303 0.05283114256825076
0 0.203125 0.8206521739130435 0.0490530303030303 0.05283114256825076
0 0.8165719696969697 0.576592517694641 0.05890151515151515 0.06167846309403438
0 0.9393939393939394 0.9450202224469161 0.060227272727272727 0.06648129423660262
0 0.9097537878787879 0.35856926188068755 0.061553030303030304 0.06547017189079879
0 0.07253787878787879 0.269211324570273 0.05568181818181818 0.0525783619817998
0 0.07708333333333334 0.04461577350859454 0.06439393939393939 0.06445904954499494
0 0.9821969696969697 0.6845298281092013 0.035227272727272725 0.06268958543983821
0 0.10037878787878787 0.5188321536905965 0.07234848484848484 0.07962588473205258
0 0.26202651515151515 0.608948432760364 0.07859848484848485 0.08998988877654196
0 0.01628787878787879 0.6641809908998989 0.03257575757575758 0.05232558139534884
0 0.8327651515151515 0.23154701718907988 0.06553030303030304 0.057633973710819006
0 0.6388257575757575 0.2230788675429727 0.056818181818181816 0.05839231547017189
0 0.2627840909090909 0.1953993933265925 0.0634469696969697 0.06622851365015167
0 0.9300189393939394 0.03286147623862487 0.05246212121212121 0.0525783619817998
0 0.8583333333333333 0.01832659251769464 0.03143939393939394 0.029069767441860465
0 0.609564393939394 0.4680232558139535 0.06117424242424242 0.06648129423660262
0 0.971685606060606 0.48167340748230536 0.056628787878787876 0.07103134479271991
0 0.19545454545454546 0.1833923154701719 0.06704545454545455 0.06799797775530839
0 0.9047348484848485 0.5947927199191102 0.0446969696969697 0.04903943377148635
0 0.5463068181818181 0.4929221435793731 0.06420454545454546 0.0672396359959555
0 0.9708333333333333 0.5873356926188069 0.05795454545454545 0.07153690596562184
0 0.21164772727272727 0.0089737108190091 0.0365530303030303 0.0179474216380182
0 0.1734848484848485 0.5891051567239636 0.055303030303030305 0.06445904954499494
0 0.9068181818181819 0.47029828109201216 0.05 0.05283114256825076
0 0.709375 0.052451971688574316 0.055492424242424246 0.05738119312436805
0 0.017045454545454544 0.5558645096056622 0.03409090909090909 0.050050556117290194
0 0.48011363636363635 0.029448938321536906 0.03787878787878788 0.0346309403437816
0 0.20975378787878787 0.32596056622851366 0.03958333333333333 0.0371587462082912
0 0.0706439393939394 0.9786400404448938 0.07348484848484849 0.041708796764408494