0 0.5741477272727272 0.2877906976744186 0.12746212121212122 0.13877654196157735
0 0.318844696969697 0.653437815975733 0.11912878787878788 0.15470171890798787
0 0.593844696969697 0.5822800808897877 0.11875 0.15444893832153692
0 0.8164772727272728 0.12095551061678463 0.11212121212121212 0.1134984833164813
0 0.7536931818181818 0.5893579373104145 0.1327651515151515 0.13624873609706775
0 0.19081439393939395 0.3962335692618807 0.11496212121212121 0.14079878665318504
0 0.47755681818181817 0.14193629929221435 0.1240530303030303 0.1256319514661274
0 0.6227272727272727 0.06483822042467138 0.12083333333333333 0.12462082912032356
0 0.9445075757575757 0.23622345803842265 0.11098484848484849 0.134732052578362
0 0.3481060606060606 0.49115267947421637 0.11060606060606061 0.121840242669363
0 0.6785037878787878 0.8158493427704753 0.17632575757575758 0.14989888776541963
0 0.9471590909090909 0.6227249747219413 0.10568181818181818 0.14180990899898888
0 0.06941287878787879 0.8513650151668352 0.10852272727272727 0.11526794742163801
0 0.1696969696969697 0.7991658240647118 0.09242424242424242 0.09984833164812942
0 0.07793560606060607 0.6483822042467139 0.09147727272727273 0.10313447927199192
0 0.04043560606060606 0.5050556117290192 0.08087121212121212 0.09959555106167846
0 0.906155303030303 0.4796511627906977 0.09602272727272727 0.10743174924165824
0 0.38835227272727274 0.7606167846309403 0.07821969696969697 0.08240647118301314
0 0.02859848484848485 0.33859959555106167 0.0571969696969697 0.08619817997977755
0 0.7839962121212121 0.35085945399393326 0.08238636363636363 0.07280080889787664
0 0.08011363636363636 0.9630940343781598 0.06704545454545455 0.07280080889787664
0 0.12433712121212122 0.5266683518705764 0.0759469696969697 0.08367037411526795
0 0.055113636363636365 0.0891051567239636 0.07386363636363637 0.07912032355915066
0 0.2559659090909091 0.14054600606673406 0.09147727272727273 0.11375126390293225
0 0.7840909090909091 0.9627148634984833 0.0875 0.07355915065722952
0 0.46912878787878787 0.29309908998988876 0.09431818181818181 0.11299292214357937
0 0.8585227272727273 0.6758088978766431 0.08522727272727272 0.08822042467138523
0 0.0928030303030303 0.43389787664307383 0.07386363636363637 0.08114256825075834
0 0.08702651515151515 0.7507583417593529 0.07443181818181818 0.0788675429726997
0 0.8934659090909091 0.33645096056622853 0.09261363636363637 0.09605662285136501
0 0.12850378787878788 0.051061678463094035 0.07632575757575757 0.08493427704752275
0 0.5067234848484848 0.48255813953488375 0.07935606060606061 0.08796764408493428
0 0.9252840909090909 0.024646107178968656 0.08882575757575757 0.04929221435793731
0 0.9630681818181818 0.9686552072800809 0.07196969696969698 0.0621840242669363
0 0.4168560606060606 0.9537411526794742 0.11704545454545455 0.09150657229524772
0 0.9823863636363637 0.8396107178968655 0.035227272727272725 0.08367037411526795
0 0.9729166666666667 0.08809403437815976 0.05416666666666667 0.06547017189079879
0 0.49952651515151514 0.7561931243680485 0.07215909090909091 0.07355915065722952