0 0.8922348484848485 0.14193629929221435 0.11931818181818182 0.13928210313447928
0 0.7049242424242425 0.060793731041456016 0.1268939393939394 0.12158746208291203
0 0.19602272727272727 0.17517694641051568 0.1159090909090909 0.1390293225480283
0 0.36704545454545456 0.776036400404449 0.11325757575757575 0.12234580384226491
0 0.5107954545454545 0.48799292214357937 0.10151515151515152 0.11552072800808898
0 0.3565340909090909 0.09188574317492416 0.08049242424242424 0.08670374115267948
0 0.8166666666666667 0.30877148634984836 0.10454545454545454 0.108948432760364
0 0.08598484848484848 0.4178463094034378 0.07272727272727272 0.06976744186046512
0 0.9612689393939394 0.7872851365015167 0.07746212121212122 0.08923154701718908
0 0.9654356060606061 0.38119312436804853 0.06912878787878787 0.11071789686552073
0 0.693655303030303 0.5494186046511628 0.10738636363636364 0.09984833164812942
0 0.04554924242424242 0.1597573306370071 0.09109848484848485 0.10920121334681497
0 0.9356060606060606 0.9261880687563195 0.09053030303030303 0.0935288169868554
0 0.6589962121212121 0.7522750252780587 0.09905303030303031 0.10010111223458039
0 0.11704545454545455 0.30624368048533873 0.09621212121212121 0.11097067745197169
0 0.6785037878787878 0.8677957532861477 0.09185606060606061 0.09706774519716886
0 0.5291666666666667 0.19122851365015167 0.07386363636363637 0.07659251769464105
0 0.025 0.7017189079878665 0.05 0.09656218402426693
0 0.9142045454545454 0.522876643073812 0.10037878787878787 0.1018705763397371
0 0.7088068181818182 0.42479777553083925 0.07443181818181818 0.07659251769464105
0 0.596685606060606 0.2879170879676441 0.09185606060606061 0.08291203235591507
0 0.46704545454545454 0.25935288169868553 0.09962121212121212 0.10819009100101112
0 0.784375 0.608948432760364 0.07329545454545454 0.0935288169868554
0 0.08778409090909091 0.836577350859454 0.06723484848484848 0.06799797775530839
0 0.48134469696969695 0.9247977755308392 0.06950757575757575 0.07103134479271991
0 0.3540719696969697 0.6022497472194136 0.07556818181818181 0.07861476238624873
0 0.6374053030303031 0.9570273003033367 0.09905303030303031 0.08543983822042467
0 0.27509469696969696 0.48546511627906974 0.07897727272727273 0.07810920121334682
0 0.2696969696969697 0.6691102123356926 0.09204545454545454 0.0980788675429727
0 0.38257575757575757 0.3987613751263903 0.07575757575757576 0.07002022244691608
0 0.1487689393939394 0.49481799797775533 0.07746212121212122 0.08619817997977755
0 0.6120265151515152 0.5152932254802831 0.045265151515151515 0.048281092012133466
0 0.10132575757575757 0.027426693629929222 0.09431818181818181 0.054853387259858444
0 0.08541666666666667 0.9695399393326593 0.09204545454545454 0.05990899898887765
0 0.21988636363636363 0.7756572295247725 0.08181818181818182 0.089737108190091
0 0.5115530303030303 0.583164812942366 0.05909090909090909 0.06268958543983821
0 0.36486742424242424 0.9274519716885743 0.09261363636363637 0.08796764408493428
0 0.013446969696969697 0.9604398382204247 0.026893939393939394 0.06445904954499494