0 0.34289772727272727 0.5328614762386249 0.08049242424242424 0.07836198179979778
0 0.6932765151515151 0.041076845298281095 0.07443181818181818 0.07507583417593529
0 0.32736742424242427 0.8001769464105156 0.09905303030303031 0.10793731041456016
0 0.3130681818181818 0.9619565217391305 0.0928030303030303 0.0755813953488372
0 0.5583333333333333 0.4563953488372093 0.08371212121212121 0.089737108190091
0 0.9452651515151516 0.24153185035389282 0.060227272727272727 0.06445904954499494
0 0.06837121212121212 0.4737108190091001 0.0875 0.08240647118301314
0 0.7698863636363636 0.7362234580384226 0.07348484848484849 0.07355915065722952
0 0.9696969696969697 0.592644084934277 0.06060606060606061 0.06799797775530839
0 0.9077651515151515 0.48179979777553084 0.04924242424242424 0.05308392315470172
0 0.9317234848484849 0.13890293225480282 0.06306818181818181 0.06445904954499494
0 0.21543560606060605 0.5371587462082912 0.07215909090909091 0.07280080889787664
0 0.6507575757575758 0.5441102123356926 0.08522727272727272 0.08822042467138523
0 0.852935606060606 0.23255813953488372 0.058522727272727275 0.06622851365015167
0 0.32954545454545453 0.09706774519716886 0.07045454545454545 0.07027300303336703
0 0.503125 0.9279575328614762 0.06950757575757575 0.07987866531850354
0 0.696685606060606 0.20032861476238625 0.08238636363636363 0.08619817997977755
0 0.5754734848484848 0.9150657229524772 0.04943181818181818 0.046511627906976744
0 0.7178030303030303 0.4788928210313448 0.07916666666666666 0.08164812942366026
0 0.13399621212121213 0.3258341759352882 0.07329545454545454 0.07735085945399393
0 0.02556818181818182 0.3677957532861476 0.05113636363636364 0.07330637007077856
0 0.478125 0.23698179979777553 0.08200757575757575 0.08063700707785643
0 0.8747159090909091 0.16519211324570274 0.07215909090909091 0.07204246713852376
0 0.9270833333333334 0.8474469160768453 0.0571969696969697 0.05990899898887765
0 0.7990530303030303 0.21852881698685542 0.05 0.051820020222446916
0 0.4285037878787879 0.061804853387259856 0.06117424242424242 0.06547017189079879
0 0.019886363636363636 0.0903690596562184 0.03939393939393939 0.06445904954499494
0 0.5306818181818181 0.5376643073811931 0.06856060606060606 0.07735085945399393
0 0.18153409090909092 0.14977249747219415 0.07784090909090909 0.07912032355915066
0 0.515435606060606 0.11387765419615774 0.07178030303030303 0.07002022244691608
0 0.10577651515151515 0.40406976744186046 0.07367424242424242 0.07962588473205258
0 0.812405303030303 0.666582406471183 0.06117424242424242 0.06167846309403438
0 0.4146780303030303 0.15685035389282104 0.09905303030303031 0.11653185035389282
0 0.44668560606060603 0.5587714863498483 0.06420454545454546 0.06951466127401415
0 0.9341856060606061 0.6526794742163802 0.03731060606060606 0.03640040444893832
0 0.5523674242424242 0.7895601617795753 0.06534090909090909 0.06243680485338726
0 0.09346590909090909 0.10085945399393327 0.038825757575757576 0.03842264914054601
0 0.984185606060606 0.40722952477249746 0.03162878787878788 0.06016177957532862
0 0.5615530303030303 0.06509100101112235 0.03333333333333333 0.03564206268958544
0 0.9765151515151516 0.7449443882709808 0.04696969696969697 0.07836198179979778
0 0.5557765151515152 0.24595551061678464 0.07443181818181818 0.08442871587462084
0 0.8986742424242424 0.3519969666329626 0.06060606060606061 0.06547017189079879
0 0.8147727272727273 0.11311931243680486 0.0625 0.06243680485338726
0 0.5362689393939394 0.7354651162790697 0.04715909090909091 0.05283114256825076
0 0.5902462121212121 0.8546511627906976 0.0740530303030303 0.08645096056622852
0 0.600284090909091 0.0371587462082912 0.05359848484848485 0.056622851365015166
0 0.22935606060606062 0.7607431749241659 0.045075757575757575 0.04373104145601618
0 0.31865530303030304 0.025657229524772496 0.0668560606060606 0.05131445904954499
0 0.9835227272727273 0.2870323559150657 0.032196969696969696 0.050808897876643076
0 0.8365530303030303 0.9060920121334681 0.04128787878787879 0.047269969666329625
0 0.9817234848484848 0.11210819009100101 0.03579545454545455 0.05030333670374115
0 0.9713068181818182 0.5254044489383215 0.05738636363636364 0.06547017189079879
0 0.8504734848484848 0.010995955510616785 0.04412878787878788 0.02199191102123357
0 0.7614583333333333 0.15406976744186046 0.04109848484848485 0.05131445904954499
0 0.8170454545454545 0.5078361981799798 0.06098484848484848 0.06875631951466127
0 0.38759469696969695 0.010616784630940344 0.052083333333333336 0.021233569261880688
0 0.7416666666666667 0.6080637007077856 0.07083333333333333 0.07355915065722952
0 0.7731060606060606 0.3068756319514661 0.07386363636363637 0.0621840242669363