0 0.2797348484848485 0.666076845298281 0.07348484848484849 0.07684529828109202
0 0.3809659090909091 0.6251263902932255 0.06761363636363636 0.07583417593528817
0 0.18257575757575759 0.9648634984833164 0.07689393939393939 0.0692618806875632
0 0.3261363636363636 0.8919362992922144 0.06704545454545455 0.0634479271991911
0 0.2709280303030303 0.47598584428715873 0.1028409090909091 0.10262891809908999
0 0.06240530303030303 0.6036400404448938 0.05359848484848485 0.06066734074823053
0 0.6785037878787878 0.8119312436804853 0.07215909090909091 0.07381193124368049
0 0.7923295454545455 0.12007077856420627 0.0846590909090909 0.08796764408493428
0 0.02518939393939394 0.7085439838220424 0.05037878787878788 0.08897876643073811
0 0.20454545454545456 0.8492163801820021 0.0715909090909091 0.06698685540950455
0 0.014109848484848486 0.6219666329625885 0.02821969696969697 0.06294236602628918
0 0.04403409090909091 0.8603387259858443 0.07670454545454546 0.07810920121334682
0 0.47878787878787876 0.9663801820020222 0.07613636363636364 0.06622851365015167
0 0.5799242424242425 0.9653690596562184 0.1053030303030303 0.06825075834175935
0 0.7533143939393939 0.9590495449949444 0.07632575757575757 0.07937310414560161
0 0.06259469696969697 0.9758594539939333 0.07102272727272728 0.047269969666329625
0 0.2975378787878788 0.9700455005055612 0.09696969696969697 0.059403437815975735
0 0.13399621212121213 0.7537917087967644 0.08693181818181818 0.09656218402426693
0 0.17793560606060607 0.6650657229524772 0.06496212121212121 0.06471183013144591
0 0.021117424242424243 0.5202224469160769 0.042234848484848486 0.07532861476238625
0 0.6321969696969697 0.5591506572295247 0.0821969696969697 0.07633973710819009
0 0.5822916666666667 0.8656471183013145 0.06837121212121212 0.070525783619818
0 0.12774621212121212 0.10781092012133468 0.10321969696969698 0.08569261880687563
0 0.9613636363636363 0.02679474216380182 0.05 0.0525783619817998
0 0.9836174242424243 0.4429979777553084 0.03276515151515152 0.07457027300303337
0 0.6428977272727273 0.7420374115267947 0.06268939393939393 0.06294236602628918
0 0.01628787878787879 0.08164812942366026 0.03257575757575758 0.0525783619817998
0 0.984375 0.5594034378159757 0.03125 0.06167846309403438
0 0.9276515151515151 0.7522750252780587 0.06553030303030304 0.07077856420626896
0 0.37793560606060606 0.4850859453993933 0.06647727272727273 0.0743174924165824