0 0.9275568181818182 0.6209555106167847 0.060037878787878786 0.055864509605662284
0 0.8463068181818182 0.9489383215369059 0.13352272727272727 0.10111223458038422
0 0.250094696969697 0.06395348837209303 0.051704545454545454 0.054600606673407485
0 0.9166666666666666 0.33025783619818 0.09734848484848485 0.09934277047522751
0 0.7463068181818182 0.4060920121334681 0.07329545454545454 0.07305358948432761
0 0.4140151515151515 0.14914054600606674 0.08522727272727272 0.09049544994944388
0 0.8138257575757576 0.3988877654196158 0.07348484848484849 0.07330637007077856
0 0.023579545454545454 0.0776036400404449 0.04715909090909091 0.06825075834175935
0 0.25293560606060606 0.1782103134479272 0.07556818181818181 0.07735085945399393
0 0.33049242424242425 0.046258847320525785 0.075 0.07735085945399393
0 0.12840909090909092 0.15217391304347827 0.06893939393939394 0.0717896865520728
0 0.06865530303030302 0.02641557128412538 0.08390151515151516 0.05283114256825076
0 0.5102272727272728 0.24974721941354905 0.045454545454545456 0.044489383215369056
0 0.0747159090909091 0.596309403437816 0.03996212121212121 0.04095045500505561
0 0.7107954545454546 0.31875631951466127 0.056818181818181816 0.057633973710819006
0 0.9609848484848484 0.8417593528816987 0.03257575757575758 0.03538928210313448
0 0.3106060606060606 0.13877654196157735 0.042045454545454546 0.044489383215369056
0 0.023863636363636365 0.5399393326592518 0.024242424242424242 0.023761375126390292
0 0.7795454545454545 0.15659757330637006 0.04053030303030303 0.04777553083923155
0 0.27045454545454545 0.3756319514661274 0.042045454545454546 0.03993933265925177