0 0.2784090909090909 0.8790444893832153 0.03106060606060606 0.03361981799797775
0 0.703314393939394 0.9054600606673407 0.05435606060606061 0.05308392315470172
0 0.12329545454545454 0.9213852376137512 0.04393939393939394 0.05055611729019211
0 0.5777462121212121 0.8987613751263903 0.035416666666666666 0.03968655207280081
0 0.11420454545454546 0.5743174924165824 0.029545454545454545 0.032355915065722954
0 0.5025568181818182 0.7512639029322548 0.03238636363636364 0.03083923154701719
0 0.2771780303030303 0.9351617795753286 0.04412878787878788 0.046258847320525785
0 0.7245265151515151 0.9599342770475228 0.038825757575757576 0.04019211324570273
0 0.12651515151515152 0.6745449949443882 0.026893939393939394 0.02199191102123357
0 0.3771780303030303 0.7435540950455005 0.024053030303030302 0.023508594539939334
0 0.6386363636363637 0.5463852376137512 0.031818181818181815 0.03260869565217391
0 0.24952651515151514 0.7923407482305359 0.03806818181818182 0.03816986855409504
0 0.2597537878787879 0.6188068756319515 0.04412878787878788 0.044489383215369056
0 0.575094696969697 0.7641557128412538 0.024053030303030302 0.024772497472194135
0 0.41240530303030304 0.9859706774519716 0.03579545454545455 0.025025278058645097
0 0.10615530303030303 0.38422649140546006 0.04981060606060606 0.050050556117290194
0 0.18039772727272727 0.6348584428715874 0.048295454545454544 0.04979777553083923
0 0.2059659090909091 0.9144337714863499 0.06079545454545455 0.04929221435793731
0 0.4831439393939394 0.9296006066734075 0.03257575757575758 0.03361981799797775
0 0.03939393939393939 0.740267947421638 0.026893939393939394 0.026036400404448937
0 0.49015151515151517 0.862108190091001 0.03106060606060606 0.03159757330637007
0 0.5573863636363636 0.7224469160768453 0.023863636363636365 0.028816986855409503
0 0.4559659090909091 0.7636501516683518 0.032007575757575756 0.03286147623862487
0 0.6082386363636364 0.3102881698685541 0.04375 0.041708796764408494
0 0.014678030303030304 0.80788675429727 0.029356060606060608 0.03943377148634985
0 0.5642045454545455 0.1166582406471183 0.023484848484848483 0.023508594539939334
0 0.540435606060606 0.04132962588473205 0.017992424242424244 0.020475227502527806
0 0.052746212121212124 0.5204752275025278 0.022537878787878787 0.0262891809908999
0 0.17954545454545454 0.589989888776542 0.022727272727272728 0.021739130434782608
0 0.6859848484848485 0.9724469160768453 0.03295454545454545 0.03741152679474216
0 0.5675189393939394 0.6579878665318504 0.02518939393939394 0.02275025278058645
0 0.14204545454545456 0.7726238624873609 0.023484848484848483 0.025530839231547017
0 0.6018939393939394 0.09883720930232558 0.02537878787878788 0.024772497472194135
0 0.015056818181818182 0.6547017189079879 0.030113636363636363 0.032355915065722954
0 0.3559659090909091 0.8417593528816987 0.022537878787878787 0.021739130434782608
0 0.4786931818181818 0.44957027300303337 0.03314393939393939 0.03665318503538928
0 0.044223484848484845 0.8581900910010111 0.048295454545454544 0.051061678463094035
0 0.515625 0.016683518705763397 0.01950757575757576 0.021739130434782608
0 0.13238636363636364 0.8579373104145601 0.023484848484848483 0.027300303336703743
0 0.35208333333333336 0.3883973710819009 0.03068181818181818 0.033114256825075836
0 0.5348484848484848 0.7631445904954499 0.024242424242424242 0.025278058645096056
0 0.36240530303030305 0.9229019211324571 0.027462121212121212 0.029322548028311426
0 0.6428030303030303 0.07381193124368049 0.023106060606060606 0.023761375126390292
0 0.6140151515151515 0.15217391304347827 0.023863636363636365 0.025278058645096056
0 0.15255681818181818 0.49785136501516686 0.05132575757575757 0.05131445904954499
0 0.6272727272727273 0.268958543983822 0.02537878787878788 0.023761375126390292
0 0.22054924242424243 0.8683013144590496 0.04715909090909091 0.0455005055611729
0 0.046875 0.714231547017189 0.029734848484848486 0.03109201213346815
0 0.7640151515151515 0.5995955510616785 0.04128787878787879 0.03842264914054601
0 0.4168560606060606 0.5570020222446916 0.021212121212121213 0.02199191102123357
0 0.09952651515151516 0.8785389282103134 0.036931818181818184 0.0371587462082912
0 0.15397727272727274 0.6002275025278059 0.029545454545454545 0.028058645096056625
0 0.15795454545454546 0.9235338725985844 0.025757575757575757 0.029069767441860465
0 0.11316287878787878 0.6391557128412538 0.02784090909090909 0.03109201213346815
0 0.30511363636363636 0.8303842264914054 0.022727272727272728 0.025278058645096056
0 0.035037878787878785 0.9236602628918099 0.043560606060606064 0.04600606673407482
0 0.378125 0.29941860465116277 0.023295454545454546 0.02249747219413549
0 0.3615530303030303 0.5107431749241659 0.03787878787878788 0.04474216380182002
0 0.3797348484848485 0.4153185035389282 0.022727272727272728 0.023761375126390292
0 0.4390151515151515 0.5259100101112234 0.03068181818181818 0.03260869565217391
0 0.0887310606060606 0.6865520728008089 0.03125 0.027300303336703743
0 0.3152462121212121 0.9206268958543984 0.035416666666666666 0.03741152679474216
0 0.4127840909090909 0.8105409504550051 0.030113636363636363 0.03159757330637007
0 0.25350378787878786 0.6606420626895855 0.026325757575757575 0.024014155712841254
0 0.5430871212121212 0.5783619817997978 0.02215909090909091 0.021739130434782608
0 0.013825757575757576 0.5952982810920121 0.027651515151515153 0.03842264914054601
0 0.5804924242424242 0.8008088978766431 0.025 0.024772497472194135
0 0.3765151515151515 0.8722194135490394 0.031818181818181815 0.03159757330637007
0 0.17556818181818182 0.9495702730030333 0.025757575757575757 0.028058645096056625
0 0.6922348484848485 0.6003538928210314 0.026136363636363635 0.027300303336703743
0 0.023863636363636365 0.7727502527805864 0.03295454545454545 0.0358948432760364
0 0.013636363636363636 0.4399646107178969 0.02727272727272727 0.041708796764408494
0 0.01524621212121212 0.5353892821031345 0.03049242424242424 0.03387259858442872
0 0.10681818181818181 0.2893073811931244 0.03106060606060606 0.0371587462082912