0 0.7768939393939394 0.43490899898887764 0.10795454545454546 0.12158746208291203
0 0.44450757575757577 0.3700707785642063 0.05416666666666667 0.0551061678463094
0 0.6430871212121212 0.5976996966632963 0.10738636363636364 0.1064206268958544
0 0.5568181818181818 0.1845298281092012 0.0659090909090909 0.0743174924165824
0 0.6145833333333334 0.875252780586451 0.0893939393939394 0.09630940343781598
0 0.2056818181818182 0.09782608695652174 0.0715909090909091 0.07633973710819009
0 0.07850378787878788 0.5070778564206269 0.09602272727272727 0.12386248736097068
0 0.4247159090909091 0.7312942366026289 0.0831439393939394 0.09453993933265925
0 0.32054924242424243 0.6567239635995955 0.06837121212121212 0.0717896865520728
0 0.2792613636363636 0.02704752275025278 0.06268939393939393 0.05409504550050556
0 0.618465909090909 0.36071789686552075 0.06912878787878787 0.06572295247724974
0 0.6912878787878788 0.481041456016178 0.08333333333333333 0.08291203235591507
0 0.9146780303030303 0.9026794742163802 0.07253787878787879 0.07280080889787664
0 0.45416666666666666 0.8441607684529828 0.06856060606060606 0.070525783619818
0 0.8893939393939394 0.1531850353892821 0.05643939393939394 0.06117290192113246
0 0.022727272727272728 0.842896865520728 0.045454545454545456 0.10035389282103134
0 0.43702651515151514 0.25480283114256824 0.06799242424242424 0.07381193124368049
0 0.7147727272727272 0.22687057633973712 0.075 0.08619817997977755
0 0.24725378787878788 0.3024519716885743 0.06458333333333334 0.06193124368048534
0 0.053125 0.20285642062689585 0.07178030303030303 0.08114256825075834
0 0.24166666666666667 0.7302831142568251 0.07083333333333333 0.08645096056622852
0 0.271969696969697 0.8961071789686552 0.08143939393939394 0.07937310414560161
0 0.153125 0.7963852376137512 0.08011363636363636 0.0776036400404449
0 0.821685606060606 0.9743427704752275 0.08806818181818182 0.050808897876643076
0 0.5879734848484849 0.11362487360970677 0.042234848484848486 0.047269969666329625
0 0.07897727272727273 0.7349595551061678 0.07121212121212121 0.07457027300303337
0 0.7078598484848485 0.9332659251769464 0.06571969696969697 0.0743174924165824
0 0.6924242424242424 0.8346814964610718 0.06401515151515151 0.06673407482305359
0 0.6833333333333333 0.7599848331648129 0.08787878787878788 0.09175935288169869
0 0.15198863636363635 0.4395854398382204 0.05397727272727273 0.06268958543983821
0 0.16079545454545455 0.240520728008089 0.03939393939393939 0.04575328614762386
0 0.9832386363636364 0.9375631951466128 0.033522727272727273 0.0692618806875632