0 0.5928977272727273 0.8220424671385238 0.0706439393939394 0.07280080889787664
0 0.9589962121212121 0.8114256825075834 0.04147727272727273 0.04701718907987867
0 0.8918560606060606 0.26049039433771487 0.0571969696969697 0.054853387259858444
0 0.8490530303030303 0.11071789686552073 0.054924242424242424 0.05156723963599596
0 0.6867424242424243 0.7360970677451971 0.0803030303030303 0.07482305358948432
0 0.04365530303030303 0.9397118301314459 0.061553030303030304 0.0609201213346815
0 0.6277462121212121 0.9768705763397371 0.05587121212121212 0.04524772497472194
0 0.9786931818181818 0.47143579373104144 0.042234848484848486 0.07532861476238625
0 0.8723484848484848 0.41708796764408496 0.08068181818181819 0.07987866531850354
0 0.045265151515151515 0.8736097067745198 0.059848484848484845 0.06117290192113246
0 0.884375 0.6713852376137512 0.06231060606060606 0.07280080889787664
0 0.4047348484848485 0.6941354903943378 0.08371212121212121 0.08442871587462084
0 0.9856060606060606 0.36071789686552075 0.02878787878787879 0.0429726996966633
0 0.02215909090909091 0.7087967644084934 0.04318181818181818 0.0717896865520728
0 0.9732954545454545 0.6194388270980788 0.053409090909090906 0.05839231547017189
0 0.8227272727272728 0.5626895854398383 0.06098484848484848 0.05712841253791709
0 0.4018939393939394 0.5032861476238625 0.06931818181818182 0.06268958543983821
0 0.4289772727272727 0.18945904954499496 0.028409090909090908 0.029069767441860465
0 0.899905303030303 0.48748736097067746 0.08541666666666667 0.07709807886754297
0 0.42954545454545456 0.6093276036400405 0.06704545454545455 0.06698685540950455
0 0.7881628787878788 0.9280839231547017 0.07518939393939394 0.07709807886754297
0 0.8309659090909091 0.21878159757330637 0.07632575757575757 0.0801314459049545
0 0.9857954545454546 0.6739130434782609 0.02803030303030303 0.04802831142568251
0 0.6359848484848485 0.6209555106167847 0.07575757575757576 0.0801314459049545
0 0.017329545454545455 0.625 0.03465909090909091 0.048281092012133466
0 0.7214962121212121 0.84340242669363 0.051704545454545454 0.05434782608695652
0 0.2077651515151515 0.10035389282103134 0.04128787878787879 0.04802831142568251
0 0.7992424242424242 0.769211324570273 0.055303030303030305 0.05813953488372093
0 0.12878787878787878 0.9383215369059656 0.04696969696969697 0.05915065722952477
0 0.4565340909090909 0.9628412537917088 0.06837121212121212 0.07128412537917088
0 0.2551136363636364 0.10730535894843277 0.05643939393939394 0.05990899898887765
0 0.9753787878787878 0.9533619817997978 0.04924242424242424 0.06445904954499494
0 0.9382575757575757 0.7067745197168858 0.03333333333333333 0.03640040444893832
0 0.6022727272727273 0.15103640040444893 0.056818181818181816 0.06294236602628918
0 0.8804924242424242 0.765798786653185 0.0659090909090909 0.0755813953488372
0 0.5598484848484848 0.9749747219413549 0.0625 0.04903943377148635
0 0.7444128787878788 0.17656723963599597 0.05625 0.054853387259858444
0 0.6259469696969697 0.5137765419615774 0.06401515151515151 0.05990899898887765
0 0.38295454545454544 0.9783872598584429 0.06363636363636363 0.042719919110212334