0 0.1805871212121212 0.10123862487360971 0.03731060606060606 0.0371587462082912
0 0.061742424242424244 0.43427704752275026 0.05 0.04954499494438827
0 0.29327651515151515 0.1859201213346815 0.04071969696969697 0.040697674418604654
0 0.20293560606060607 0.954752275025278 0.09223484848484849 0.08998988877654196
0 0.23958333333333334 0.5534630940343782 0.05606060606060606 0.05889787664307381
0 0.47613636363636364 0.9405965621840243 0.054924242424242424 0.0621840242669363
0 0.14043560606060607 0.10351365015166836 0.03276515151515152 0.03361981799797775
0 0.5801136363636363 0.8842264914054601 0.06780303030303031 0.06875631951466127
0 0.26931818181818185 0.8046006066734075 0.08409090909090909 0.0910010111223458
0 0.8069128787878788 0.06028816986855409 0.04261363636363636 0.042719919110212334
0 0.47632575757575757 0.6325834175935288 0.07045454545454545 0.07457027300303337
0 0.10615530303030303 0.5614256825075834 0.04147727272727273 0.043478260869565216
0 0.19384469696969697 0.3158493427704752 0.03920454545454546 0.042719919110212334
0 0.8162878787878788 0.6846562184024267 0.06136363636363636 0.06395348837209303
0 0.6777462121212121 0.967644084934277 0.06988636363636364 0.06268958543983821
0 0.18020833333333333 0.5406976744186046 0.06306818181818181 0.06167846309403438
0 0.24791666666666667 0.05915065722952477 0.03295454545454545 0.03488372093023256
0 0.15170454545454545 0.7937310414560161 0.07613636363636364 0.07735085945399393
0 0.4015151515151515 0.22927199191102124 0.031818181818181815 0.029828109201213347
0 0.9152462121212122 0.05232558139534884 0.035416666666666666 0.036905965621840245
0 0.7102272727272727 0.0936552072800809 0.028409090909090908 0.03109201213346815
0 0.023295454545454546 0.5611729019211324 0.045454545454545456 0.08088978766430738
0 0.8900568181818181 0.01769464105156724 0.03731060606060606 0.034378159757330634
0 0.21467803030303031 0.009605662285136502 0.021780303030303032 0.019211324570273004
0 0.9763257575757576 0.7837462082912032 0.04734848484848485 0.0755813953488372
0 0.8629734848484848 0.9375631951466128 0.06875 0.07381193124368049
0 0.7059659090909091 0.26554600606673406 0.04412878787878788 0.04474216380182002
0 0.3945075757575758 0.9451466127401416 0.06553030303030304 0.06370070778564206
0 0.36685606060606063 0.3953488372093023 0.04583333333333333 0.050050556117290194
0 0.8986742424242424 0.2766683518705763 0.035606060606060606 0.0346309403437816
0 0.874905303030303 0.06799797775530839 0.033522727272727273 0.028311425682507583
0 0.4765151515151515 0.7396359959555107 0.07121212121212121 0.06774519716885744
0 0.8783143939393939 0.5046764408493428 0.05321969696969697 0.05637007077856421
0 0.25814393939393937 0.24974721941354905 0.045454545454545456 0.044489383215369056
0 0.7255681818181818 0.8168604651162791 0.06553030303030304 0.07406471183013144
0 0.7662878787878787 0.03260869565217391 0.026136363636363635 0.01820020222446916
0 0.03399621212121212 0.08948432760364004 0.03276515151515152 0.03538928210313448
0 0.8192234848484848 0.15722952477249746 0.03806818181818182 0.0455005055611729
0 0.09119318181818181 0.008215369059656218 0.023295454545454546 0.016430738119312435
0 0.30634469696969696 0.06900910010111223 0.023295454545454546 0.023761375126390292
0 0.09024621212121212 0.11830131445904954 0.03731060606060606 0.04044489383215369
0 0.37452651515151514 0.2711071789686552 0.051704545454545454 0.04474216380182002
0 0.09791666666666667 0.22206774519716885 0.03901515151515152 0.0346309403437816
0 0.035037878787878785 0.1531850353892821 0.03939393939393939 0.03185035389282103
0 0.23058712121212122 0.2874115267947422 0.045265151515151515 0.04398382204246714
0 0.4956439393939394 0.06319514661274014 0.035606060606060606 0.03185035389282103
0 0.08901515151515152 0.8894084934277048 0.09393939393939393 0.1038928210313448
0 0.10066287878787879 0.26251263902932254 0.03314393939393939 0.03361981799797775
0 0.016477272727272726 0.6262639029322548 0.03295454545454545 0.041708796764408494
0 0.9818181818181818 0.25872093023255816 0.03636363636363636 0.046258847320525785
0 0.3946022727272727 0.8566734074823054 0.08503787878787879 0.08998988877654196
0 0.21240530303030303 0.24595551061678464 0.04261363636363636 0.0429726996966633
0 0.8963068181818182 0.16632962588473205 0.03276515151515152 0.03185035389282103
0 0.2087121212121212 0.6078109201213346 0.05568181818181818 0.056875631951466124
0 0.5416666666666666 0.7853892821031345 0.051515151515151514 0.054600606673407485
0 0.5351325757575758 0.4060920121334681 0.040340909090909094 0.041708796764408494
0 0.18418560606060605 0.0551061678463094 0.023674242424242424 0.02275025278058645
0 0.6571969696969697 0.5342517694641051 0.058712121212121215 0.05889787664307381
0 0.762689393939394 0.24962082912032357 0.0375 0.035136501516683516
0 0.8144886363636363 0.2649140546006067 0.035037878787878785 0.04095045500505561
0 0.014678030303030304 0.46814964610717896 0.029356060606060608 0.036905965621840245
0 0.08901515151515152 0.19097573306370072 0.029545454545454545 0.03109201213346815
0 0.07651515151515151 0.1543225480283114 0.029924242424242423 0.029069767441860465
0 0.575094696969697 0.03640040444893832 0.03465909090909091 0.034378159757330634
0 0.6377840909090909 0.1462335692618807 0.03958333333333333 0.03816986855409504
0 0.29914772727272726 0.42656723963599597 0.036931818181818184 0.03665318503538928
0 0.21202651515151516 0.15988372093023256 0.033901515151515155 0.040697674418604654
0 0.1350378787878788 0.24380687563195147 0.03068181818181818 0.035136501516683516
0 0.1606060606060606 0.1916076845298281 0.032196969696969696 0.033367037411526794
0 0.7120265151515152 0.44021739130434784 0.03049242424242424 0.03260869565217391
0 0.39043560606060607 0.1448432760364004 0.03125 0.028311425682507583
0 0.2525568181818182 0.20032861476238625 0.038825757575757576 0.03614762386248736
0 0.6620265151515151 0.5851870576339737 0.033522727272727273 0.037917087967644085
0 0.0731060606060606 0.7635237613751263 0.07196969696969698 0.06648129423660262
0 0.31013257575757575 0.3731041456016178 0.04299242424242424 0.038928210313447925
0 0.8854166666666666 0.6587462082912032 0.038257575757575754 0.04398382204246714
0 0.9359848484848485 0.36703741152679475 0.03674242424242424 0.03943377148634985
0 0.5122159090909091 0.32381193124368046 0.03806818181818182 0.03640040444893832
0 0.9446969696969697 0.6512891809908999 0.04924242424242424 0.04979777553083923
0 0.946685606060606 0.10856926188068756 0.026704545454545453 0.028058645096056625
0 0.29081439393939396 0.27603640040444893 0.03314393939393939 0.03640040444893832
0 0.4331439393939394 0.5849342770475228 0.038636363636363635 0.04095045500505561
0 0.9143939393939394 0.4245449949443883 0.03901515151515152 0.041708796764408494
0 0.6034090909090909 0.2828614762386249 0.056818181818181816 0.05611729019211325
0 0.42746212121212124 0.2901921132457027 0.037121212121212124 0.036905965621840245
0 0.21202651515151516 0.0717896865520728 0.030113636363636363 0.029828109201213347
0 0.153125 0.3321536905965622 0.03996212121212121 0.04095045500505561
0 0.32263257575757576 0.11918604651162791 0.044886363636363634 0.03968655207280081
0 0.9830492424242424 0.5045500505561172 0.033901515151515155 0.057633973710819006
0 0.012878787878787878 0.3193882709807887 0.025757575757575757 0.050808897876643076
0 0.30549242424242423 0.593149646107179 0.06287878787878788 0.06445904954499494
0 0.3515151515151515 0.33632457027300305 0.04128787878787879 0.042719919110212334
0 0.26600378787878787 0.49266936299292213 0.04147727272727273 0.04903943377148635
0 0.6037878787878788 0.9773761375126391 0.07234848484848484 0.04474216380182002
0 0.7140151515151515 0.15154196157735086 0.03295454545454545 0.035136501516683516
0 0.09403409090909091 0.33872598584428715 0.045265151515151515 0.041456016177957536
0 0.13740530303030302 0.03993933265925177 0.028977272727272727 0.032355915065722954
0 0.47575757575757577 0.36261375126390294 0.0428030303030303 0.042719919110212334
0 0.08977272727272727 0.0640798786653185 0.025 0.029069767441860465
0 0.11401515151515151 0.4903943377148635 0.07386363636363637 0.06825075834175935
0 0.8481060606060606 0.00884732052578362 0.02878787878787879 0.01769464105156724
0 0.6642045454545454 0.8201466127401416 0.045075757575757575 0.04878665318503539
0 0.016477272727272726 0.2518958543983822 0.03295454545454545 0.03008088978766431
0 0.9611742424242424 0.5630687563195147 0.038636363636363635 0.04019211324570273
0 0.7627840909090909 0.5835439838220424 0.042234848484848486 0.04474216380182002
0 0.790435606060606 0.11526794742163801 0.030113636363636363 0.029322548028311426
0 0.7869318181818182 0.7731294236602629 0.04090909090909091 0.04019211324570273
0 0.6266098484848485 0.43212841253791706 0.04375 0.04373104145601618
0 0.5067234848484848 0.009226491405460061 0.02859848484848485 0.018452982810920122
0 0.4487689393939394 0.10313447927199192 0.04678030303030303 0.03993933265925177
0 0.5079545454545454 0.26428210313447925 0.03598484848484849 0.0371587462082912
0 0.18759469696969697 0.39598078867542974 0.033522727272727273 0.034125379170879676
0 0.937405303030303 0.9255561172901922 0.06382575757575758 0.06496461071789686
0 0.7643939393939394 0.08948432760364004 0.024242424242424242 0.03083923154701719
0 0.24204545454545454 0.34327603640040444 0.030303030303030304 0.033367037411526794
0 0.5120265151515152 0.2109453993933266 0.03731060606060606 0.041708796764408494
0 0.10151515151515152 0.6943882709807887 0.059848484848484845 0.054600606673407485
0 0.5611742424242424 0.10692618806875633 0.038636363636363635 0.0429726996966633
0 0.5857954545454546 0.628159757330637 0.03674242424242424 0.03286147623862487
0 0.02206439393939394 0.20702730030333671 0.029734848484848486 0.03083923154701719
0 0.1868371212121212 0.48091506572295245 0.03465909090909091 0.03766430738119313
0 0.827935606060606 0.1994438827098079 0.03125 0.03640040444893832
0 0.9893939393939394 0.04095045500505561 0.020833333333333332 0.028816986855409503
0 0.2793560606060606 0.07343276036400405 0.025757575757575757 0.02654196157735086
0 0.8746212121212121 0.326845298281092 0.04053030303030303 0.04044489383215369
0 0.6847537878787879 0.30308392315470173 0.03276515151515152 0.028311425682507583
0 0.5827651515151515 0.5329878665318504 0.03901515151515152 0.04019211324570273
0 0.559564393939394 0.30295753286147625 0.03958333333333333 0.048281092012133466
0 0.6472537878787878 0.6438321536905965 0.05473484848484848 0.057633973710819006
0 0.17954545454545454 0.13485844287158746 0.03787878787878788 0.03109201213346815
0 0.9821969696969697 0.3167340748230536 0.035606060606060606 0.0717896865520728
0 0.7070075757575758 0.2120829120323559 0.02878787878787879 0.03185035389282103
0 0.443844696969697 0.24355409504550052 0.05246212121212121 0.042719919110212334
0 0.6660037878787879 0.48230535894843274 0.03920454545454546 0.04196157735085945
0 0.628125 0.2154954499494439 0.03162878787878788 0.03159757330637007