0 0.06761363636363636 0.31964105156723965 0.06325757575757576 0.07002022244691608
0 0.8922348484848485 0.1827603640040445 0.06477272727272727 0.07330637007077856
0 0.6350378787878788 0.762639029322548 0.07083333333333333 0.06471183013144591
0 0.5577651515151515 0.8177451971688574 0.08181818181818182 0.0839231547017189
0 0.5522727272727272 0.8935793731041456 0.05568181818181818 0.056622851365015166
0 0.04005681818181818 0.4440091001011122 0.03920454545454546 0.042719919110212334
0 0.2525568181818182 0.4571536905965622 0.06458333333333334 0.06648129423660262
0 0.05482954545454546 0.8212841253791708 0.04071969696969697 0.04802831142568251
0 0.7232954545454545 0.3966127401415571 0.07348484848484849 0.07633973710819009
0 0.14829545454545454 0.053842264914054604 0.056818181818181816 0.06471183013144591
0 0.013446969696969697 0.18882709807886755 0.026515151515151516 0.0455005055611729
0 0.08702651515151515 0.6193124368048534 0.07897727272727273 0.07987866531850354
0 0.8535037878787879 0.02211830131445905 0.060037878787878786 0.0442366026289181
0 0.7765151515151515 0.06875631951466127 0.07651515151515151 0.08139534883720931
0 0.011268939393939394 0.333417593528817 0.022537878787878787 0.05055611729019211
0 0.0893939393939394 0.14004044489383216 0.06628787878787878 0.06875631951466127
0 0.9680871212121213 0.1775783619817998 0.04753787878787879 0.048281092012133466
0 0.05823863636363636 0.9227755308392316 0.04753787878787879 0.04929221435793731
0 0.9888257575757575 0.7195399393326593 0.02234848484848485 0.03008088978766431
0 0.6270833333333333 0.9338978766430738 0.06325757575757576 0.06243680485338726
0 0.09223484848484849 0.8377148634984833 0.045454545454545456 0.04903943377148635
0 0.8756628787878787 0.6386501516683518 0.03768939393939394 0.03816986855409504
0 0.1206439393939394 0.32924671385237614 0.045454545454545456 0.047269969666329625
0 0.11571969696969697 0.4331395348837209 0.0625 0.0755813953488372
0 0.3416666666666667 0.6032608695652174 0.058712121212121215 0.06243680485338726
0 0.8166666666666667 0.16961577350859455 0.03257575757575758 0.03488372093023256
0 0.18503787878787878 0.9860970677451971 0.035227272727272725 0.027300303336703743
0 0.9868371212121212 0.6401668351870576 0.026325757575757575 0.03159757330637007
0 0.9299242424242424 0.0757077856420627 0.04393939393939394 0.040697674418604654
0 0.06183712121212121 0.9829373104145601 0.03958333333333333 0.03361981799797775
0 0.9002840909090909 0.2673154701718908 0.05738636363636364 0.04979777553083923
0 0.7302083333333333 0.24911526794742164 0.04337121212121212 0.0467644084934277
0 0.6515151515151515 0.48761375126390294 0.048484848484848485 0.05358948432760364
0 0.06988636363636364 0.02287664307381193 0.05227272727272727 0.04575328614762386
0 0.6317234848484848 0.625 0.03920454545454546 0.03918099089989889
0 0.9347537878787879 0.3737360970677452 0.03579545454545455 0.03766430738119313
0 0.9860795454545455 0.13384732052578363 0.02784090909090909 0.03918099089989889
0 0.01628787878787879 0.7300303336703741 0.03257575757575758 0.06268958543983821
0 0.019886363636363636 0.8605915065722952 0.03977272727272727 0.05535894843276037
0 0.5952651515151515 0.6433265925176946 0.030303030303030304 0.0358948432760364
0 0.11013257575757576 0.9594287158746209 0.04337121212121212 0.047269969666329625
0 0.21202651515151516 0.6351112234580384 0.03768939393939394 0.04575328614762386
0 0.8029356060606061 0.9364256825075834 0.026325757575757575 0.025530839231547017
0 0.837594696969697 0.8996461071789686 0.03428030303030303 0.04044489383215369
0 0.3027462121212121 0.9538675429726997 0.029356060606060608 0.028058645096056625
0 0.2859848484848485 0.583164812942366 0.03636363636363636 0.0525783619817998
0 0.4853219696969697 0.8389787664307381 0.03125 0.034378159757330634
0 0.13579545454545455 0.8274772497472194 0.04772727272727273 0.047269969666329625
0 0.9894886363636364 0.47901921132457026 0.021022727272727273 0.028816986855409503
0 0.8857954545454545 0.36627906976744184 0.038636363636363635 0.0429726996966633
0 0.7797348484848485 0.9670121334681496 0.0446969696969697 0.04474216380182002
0 0.4902462121212121 0.7364762386248737 0.03768939393939394 0.04575328614762386
0 0.7338068181818181 0.9154448938321537 0.03579545454545455 0.03918099089989889
0 0.43702651515151514 0.18756319514661274 0.03314393939393939 0.03538928210313448
0 0.8745265151515151 0.9362992922143579 0.025946969696969698 0.028311425682507583
0 0.020738636363636365 0.9603134479271992 0.04147727272727273 0.05358948432760364
0 0.5102272727272728 0.1787158746208291 0.033712121212121214 0.037917087967644085
0 0.3013257575757576 0.7797017189079879 0.029166666666666667 0.02654196157735086
0 0.8390151515151515 0.39054600606673406 0.03295454545454545 0.037917087967644085