0 0.5502840909090909 0.3581900910010111 0.07670454545454546 0.08796764408493428
0 0.727935606060606 0.58948432760364 0.055492424242424246 0.054600606673407485
0 0.43077651515151516 0.14673913043478262 0.07632575757575757 0.07912032355915066
0 0.5204545454545455 0.9768705763397371 0.06212121212121212 0.04524772497472194
0 0.11931818181818182 0.39648634984833164 0.0625 0.06193124368048534
0 0.7370265151515152 0.41974216380182 0.051704545454545454 0.056875631951466124
0 0.13579545454545455 0.8959807886754297 0.07083333333333333 0.07507583417593529
0 0.013446969696969697 0.9101365015166836 0.026893939393939394 0.04575328614762386
0 0.24791666666666667 0.31698685540950455 0.07234848484848484 0.07987866531850354
0 0.15075757575757576 0.25530839231547015 0.06893939393939394 0.07735085945399393
0 0.9644886363636364 0.6373862487360971 0.07102272727272728 0.09378159757330637
0 0.6791666666666667 0.4620829120323559 0.07272727272727272 0.07987866531850354
0 0.23380681818181817 0.6107178968655207 0.07026515151515152 0.0717896865520728
0 0.023390151515151517 0.6627906976744186 0.04678030303030303 0.04701718907987867
0 0.6815340909090909 0.6346056622851365 0.060037878787878786 0.07002022244691608
0 0.049526515151515155 0.6160262891809909 0.0668560606060606 0.06167846309403438
0 0.3275568181818182 0.06938827098078867 0.06912878787878787 0.07709807886754297
0 0.3775568181818182 0.5486602628918099 0.05625 0.055864509605662284
0 0.7997159090909091 0.6680990899898888 0.07443181818181818 0.0672396359959555
0 0.9372159090909091 0.9849595551061678 0.03617424242424242 0.029069767441860465
0 0.7803977272727273 0.3753791708796764 0.06231060606060606 0.06066734074823053
0 0.7053977272727273 0.25985844287158744 0.08693181818181818 0.09656218402426693
0 0.9329545454545455 0.5025278058645096 0.05416666666666667 0.05813953488372093
0 0.3464015151515151 0.30472699696663297 0.0659090909090909 0.0609201213346815
0 0.4355113636363636 0.4834428715874621 0.040340909090909094 0.04373104145601618
0 0.26202651515151515 0.42264914054600605 0.06268939393939393 0.0717896865520728
0 0.016477272727272726 0.259479271991911 0.03295454545454545 0.05535894843276037
0 0.8966856060606061 0.5822800808897877 0.06912878787878787 0.08114256825075834
0 0.937594696969697 0.9208796764408493 0.055113636363636365 0.06066734074823053
0 0.05009469696969697 0.46574823053589487 0.061553030303030304 0.07810920121334682
0 0.2372159090909091 0.5130182002022244 0.048674242424242425 0.050808897876643076
0 0.17490530303030302 0.3411274014155713 0.052083333333333336 0.05131445904954499
0 0.18181818181818182 0.955005055611729 0.04393939393939394 0.05055611729019211
0 0.4672348484848485 0.298154701718908 0.058333333333333334 0.05990899898887765
0 0.6374053030303031 0.310793731041456 0.07367424242424242 0.07204246713852376
0 0.03115530303030303 0.18174924165824063 0.04943181818181818 0.05358948432760364
0 0.47793560606060603 0.791076845298281 0.06420454545454546 0.06547017189079879
0 0.6301136363636364 0.593149646107179 0.05303030303030303 0.05030333670374115
0 0.35956439393939393 0.38296258847320525 0.045265151515151515 0.0455005055611729
0 0.4758522727272727 0.9379423660262892 0.05700757575757576 0.06445904954499494
0 0.9420454545454545 0.36185540950455003 0.09848484848484848 0.08164812942366026
0 0.1975378787878788 0.08543983822042467 0.05946969696969697 0.06370070778564206
0 0.29005681818181817 0.5312184024266936 0.06458333333333334 0.06294236602628918
0 0.15984848484848485 0.03640040444893832 0.04734848484848485 0.0525783619817998
0 0.6640151515151516 0.7336956521739131 0.056818181818181816 0.05839231547017189
0 0.8077651515151515 0.4916582406471183 0.05795454545454545 0.06016177957532862
0 0.9886363636363636 0.8584428715874621 0.022727272727272728 0.028311425682507583
0 0.5142045454545454 0.6859201213346815 0.03901515151515152 0.04373104145601618
0 0.6694128787878788 0.9103892821031345 0.05435606060606061 0.05889787664307381
0 0.027556818181818182 0.8137007077856421 0.04450757575757576 0.04903943377148635
0 0.9809659090909091 0.7369817997977756 0.03806818181818182 0.06243680485338726
0 0.515435606060606 0.2430485338725986 0.05321969696969697 0.05535894843276037
0 0.3615530303030303 0.9470424671385238 0.04318181818181818 0.050808897876643076
0 0.9863636363636363 0.9058392315470172 0.026893939393939394 0.03614762386248736
0 0.12386363636363637 0.6927451971688574 0.051515151515151514 0.061425682507583415
0 0.3164772727272727 0.8872598584428716 0.060227272727272727 0.06673407482305359
0 0.9620265151515152 0.8025783619817998 0.0509469696969697 0.054600606673407485
0 0.06704545454545455 0.8925682507583418 0.058333333333333334 0.05813953488372093