0 0.834564393939394 0.09618301314459049 0.058522727272727275 0.05535894843276037
0 0.9739583333333334 0.21650657229524772 0.052083333333333336 0.07709807886754297
0 0.9777462121212122 0.3581900910010111 0.04450757575757576 0.07381193124368049
0 0.7285984848484849 0.8969919110212335 0.06515151515151515 0.07709807886754297
0 0.17244318181818183 0.27098078867542974 0.07178030303030303 0.07583417593528817
0 0.293655303030303 0.5827856420626896 0.07443181818181818 0.08164812942366026
0 0.903314393939394 0.35048028311425683 0.07329545454545454 0.07861476238624873
0 0.3859848484848485 0.41632962588473205 0.075 0.08038422649140546
0 0.8390151515151515 0.21562184024266937 0.0696969696969697 0.08442871587462084
0 0.5003787878787879 0.8866279069767442 0.0715909090909091 0.07810920121334682
0 0.15198863636363635 0.08796764408493428 0.07215909090909091 0.07633973710819009
0 0.7019886363636364 0.38498483316481297 0.06912878787878787 0.0717896865520728
0 0.13702651515151515 0.7390040444893832 0.03276515151515152 0.03816986855409504
0 0.643655303030303 0.15230030333670375 0.0846590909090909 0.07962588473205258
0 0.6883522727272727 0.3254550050556117 0.04981060606060606 0.04929221435793731
0 0.37007575757575756 0.8666582406471183 0.06325757575757576 0.0634479271991911
0 0.6354166666666666 0.3128159757330637 0.05454545454545454 0.059403437815975735
0 0.9868371212121212 0.7415318503538928 0.025946969696969698 0.05788675429726997
0 0.6006628787878788 0.9667593528816987 0.07556818181818181 0.06547017189079879
0 0.937405303030303 0.13839737108190092 0.07443181818181818 0.07002022244691608
0 0.7910037878787879 0.7527805864509606 0.07443181818181818 0.08543983822042467
0 0.023674242424242424 0.4917846309403438 0.04659090909090909 0.07355915065722952
0 0.7711174242424242 0.39901415571284127 0.08276515151515151 0.08822042467138523
0 0.21467803030303031 0.06268958543983821 0.056628787878787876 0.05965621840242669
0 0.434375 0.0794994944388271 0.03996212121212121 0.047269969666329625
0 0.11543560606060606 0.02666835187057634 0.0706439393939394 0.05333670374115268
0 0.9821969696969697 0.08986349848331648 0.035606060606060606 0.05839231547017189
0 0.9265151515151515 0.2505055611729019 0.06060606060606061 0.07785642062689585
0 0.5793560606060606 0.34529828109201216 0.06363636363636363 0.0672396359959555
0 0.7880681818181818 0.9820525783619818 0.04090909090909091 0.03538928210313448
0 0.9872159090909091 0.41885743174924167 0.02556818181818182 0.05308392315470172
0 0.08096590909090909 0.16316986855409504 0.07291666666666667 0.07153690596562184
0 0.9380681818181819 0.7583417593528817 0.03446969696969697 0.037917087967644085
0 0.21477272727272728 0.01693629929221436 0.0571969696969697 0.033367037411526794
0 0.8729166666666667 0.2870323559150657 0.06856060606060606 0.06547017189079879
0 0.8948863636363636 0.8063700707785642 0.029545454545454545 0.0262891809908999
0 0.1168560606060606 0.9733316481294236 0.04621212121212121 0.047269969666329625
0 0.1627840909090909 0.3588220424671385 0.035416666666666666 0.03968655207280081
0 0.09848484848484848 0.34782608695652173 0.05454545454545454 0.0525783619817998
0 0.03399621212121212 0.10085945399393327 0.04261363636363636 0.03943377148634985
0 0.18200757575757576 0.6132457027300303 0.03295454545454545 0.03640040444893832
0 0.6304924242424242 0.060035389282103134 0.053409090909090906 0.05839231547017189
0 0.5070075757575757 0.6244944388270981 0.05909090909090909 0.05637007077856421
0 0.031818181818181815 0.9351617795753286 0.03484848484848485 0.0371587462082912
0 0.014867424242424243 0.34529828109201216 0.029734848484848486 0.03842264914054601
0 0.584375 0.06332153690596562 0.036931818181818184 0.04019211324570273
0 0.03683712121212121 0.8624873609706775 0.035037878787878785 0.03842264914054601
0 0.9864583333333333 0.5591506572295247 0.027083333333333334 0.0788675429726997
0 0.9847537878787879 0.8680485338725986 0.030113636363636363 0.034378159757330634
0 0.10710227272727273 0.27009605662285135 0.038446969696969695 0.04474216380182002