0 0.7457386363636364 0.47080384226491406 0.05056818181818182 0.05637007077856421
0 0.6318181818181818 0.4264408493427705 0.04696969696969697 0.046511627906976744
0 0.693844696969697 0.9362992922143579 0.04147727272727273 0.03993933265925177
0 0.7109848484848484 0.2166329625884732 0.051893939393939395 0.05813953488372093
0 0.5508522727272728 0.5945399393326593 0.04602272727272727 0.046511627906976744
0 0.553125 0.5003791708796764 0.040340909090909094 0.042719919110212334
0 0.793844696969697 0.42922143579373107 0.0490530303030303 0.04954499494438827
0 0.9856060606060606 0.7087967644084934 0.02878787878787879 0.04853387259858443
0 0.5392045454545454 0.31711324570273003 0.055303030303030305 0.05535894843276037
0 0.045643939393939396 0.5935288169868554 0.05909090909090909 0.06825075834175935
0 0.32831439393939393 0.08291203235591507 0.05776515151515151 0.05358948432760364
0 0.03579545454545455 0.958164812942366 0.03333333333333333 0.042719919110212334
0 0.46505681818181815 0.49001516683518703 0.0668560606060606 0.07254802831142568
0 0.15577651515151514 0.7618806875631952 0.04261363636363636 0.042467138523761376
0 0.5079545454545454 0.141051567239636 0.06098484848484848 0.06471183013144591
0 0.6881628787878787 0.38561678463094035 0.055113636363636365 0.060414560161779575
0 0.11950757575757576 0.5630687563195147 0.05454545454545454 0.05434782608695652
0 0.3515151515151515 0.2937310414560162 0.04621212121212121 0.0551061678463094
0 0.33759469696969696 0.9038169868554095 0.07897727272727273 0.08923154701718908
0 0.09166666666666666 0.9290950455005056 0.03484848484848485 0.035136501516683516
0 0.18276515151515152 0.6831395348837209 0.06628787878787878 0.07457027300303337
0 0.1877840909090909 0.8700707785642062 0.05321969696969697 0.056622851365015166
0 0.381344696969697 0.6849089989888777 0.05587121212121212 0.0609201213346815
0 0.3307765151515151 0.7100606673407482 0.04450757575757576 0.047522750252780584
0 0.7698863636363636 0.20273003033367037 0.06212121212121212 0.06066734074823053
0 0.6418560606060606 0.05156723963599596 0.038636363636363635 0.04044489383215369
0 0.9434659090909091 0.13321536905965622 0.050189393939393936 0.05156723963599596
0 0.1305871212121212 0.3518705763397371 0.061931818181818185 0.06622851365015167
0 0.8011363636363636 0.6266430738119313 0.051893939393939395 0.05813953488372093
0 0.8672348484848484 0.17909504550050556 0.05795454545454545 0.05637007077856421
0 0.2684659090909091 0.2032355915065723 0.05776515151515151 0.06420626895854398
0 0.7611742424242425 0.11059150657229525 0.03939393939393939 0.04929221435793731
0 0.37357954545454547 0.5901162790697675 0.07178030303030303 0.07962588473205258
0 0.1959280303030303 0.06319514661274014 0.07215909090909091 0.06976744186046512
0 0.09109848484848485 0.97762891809909 0.05909090909090909 0.04373104145601618
0 0.803125 0.5102376137512639 0.05132575757575757 0.050808897876643076
0 0.5856060606060606 0.3832153690596562 0.041666666666666664 0.043478260869565216
0 0.8854166666666666 0.13296258847320525 0.026515151515151516 0.027300303336703743
0 0.0521780303030303 0.41822548028311424 0.05056818181818182 0.05434782608695652
0 0.014678030303030304 0.6897118301314459 0.029356060606060608 0.04929221435793731
0 0.5868371212121212 0.20841759352881697 0.05246212121212121 0.05839231547017189
0 0.4075757575757576 0.313953488372093 0.029166666666666667 0.029828109201213347
0 0.828125 0.5793731041456016 0.035037878787878785 0.03741152679474216
0 0.3997159090909091 0.07280080889787664 0.04981060606060606 0.05156723963599596
0 0.6378787878787879 0.10098584428715875 0.03484848484848485 0.03564206268958544
0 0.2539772727272727 0.2829878665318504 0.05795454545454545 0.05535894843276037
0 0.5987689393939394 0.5601617795753286 0.05056818181818182 0.0525783619817998
0 0.39204545454545453 0.42922143579373107 0.0428030303030303 0.0455005055611729
0 0.9508522727272727 0.40811425682507585 0.05359848484848485 0.05637007077856421
0 0.3872159090909091 0.018958543983822043 0.03314393939393939 0.037917087967644085
0 0.9827651515151515 0.6381445904954499 0.03409090909090909 0.042719919110212334
0 0.4081439393939394 0.25669868554095043 0.05795454545454545 0.05889787664307381
0 0.39365530303030305 0.20184529828109202 0.051704545454545454 0.051820020222446916
0 0.7771780303030303 0.5540950455005056 0.04375 0.044489383215369056
0 0.5206439393939394 0.4576592517694641 0.051515151515151514 0.048281092012133466
0 0.2839015151515151 0.3441607684529828 0.05 0.05283114256825076
0 0.6067234848484848 0.33417593528816986 0.03428030303030303 0.033367037411526794
0 0.6698863636363637 0.6372598584428716 0.05075757575757576 0.05308392315470172
0 0.7761363636363636 0.33101617795753285 0.05946969696969697 0.070525783619818
0 0.019128787878787877 0.16999494438827098 0.038257575757575754 0.0634479271991911
0 0.10492424242424242 0.6914812942366027 0.06363636363636363 0.0659757330637007
0 0.837215909090909 0.12323053589484327 0.055113636363636365 0.05788675429726997
0 0.0571969696969697 0.7454499494438828 0.0625 0.057633973710819006
0 0.2566287878787879 0.48811931243680484 0.06287878787878788 0.0621840242669363
0 0.9856060606060606 0.2861476238624874 0.02878787878787879 0.0455005055611729
0 0.5666666666666667 0.08670374115267948 0.048863636363636366 0.051061678463094035
0 0.2184659090909091 0.6078109201213346 0.05776515151515151 0.05535894843276037
0 0.7091856060606061 0.7765419615773509 0.04375 0.0455005055611729
0 0.6329545454545454 0.7637765419615774 0.03977272727272727 0.04575328614762386
0 0.9355113636363637 0.7034883720930233 0.04375 0.047522750252780584
0 0.3877840909090909 0.15204752275025277 0.04943181818181818 0.04777553083923155
0 0.015056818181818182 0.2353387259858443 0.030113636363636363 0.051061678463094035
0 0.7857954545454545 0.043099089989888775 0.038257575757575754 0.0371587462082912
0 0.035606060606060606 0.054979777553083926 0.04015151515151515 0.04878665318503539
0 0.7297348484848485 0.6696157735085946 0.05454545454545454 0.055611729019211326
0 0.4597537878787879 0.7604903943377148 0.03996212121212121 0.046258847320525785
0 0.937405303030303 0.8332912032355915 0.035416666666666666 0.04019211324570273
0 0.04242424242424243 0.9012891809908999 0.058333333333333334 0.06294236602628918
0 0.4327651515151515 0.02704752275025278 0.051515151515151514 0.05409504550050556
0 0.8404356060606061 0.0692618806875632 0.042234848484848486 0.03993933265925177
0 0.9895833333333334 0.3576845298281092 0.020454545454545454 0.04095045500505561
0 0.9563446969696969 0.782608695652174 0.03806818181818182 0.04196157735085945
0 0.5146780303030303 0.3737360970677452 0.05359848484848485 0.06193124368048534
0 0.4536931818181818 0.891051567239636 0.058522727272727275 0.06471183013144591
0 0.9886363636363636 0.09972194135490395 0.022727272727272728 0.0346309403437816
0 0.49043560606060604 0.9796511627906976 0.038825757575757576 0.03968655207280081
0 0.6924242424242424 0.9793983822042467 0.05454545454545454 0.04019211324570273
0 0.28096590909090907 0.4351617795753286 0.04678030303030303 0.051820020222446916
0 0.7354166666666667 0.017189079878665317 0.026136363636363635 0.027300303336703743
0 0.10473484848484849 0.1705005055611729 0.05643939393939394 0.05990899898887765
0 0.9709280303030303 0.054979777553083926 0.050189393939393936 0.04979777553083923
0 0.8849431818181818 0.5999747219413549 0.040340909090909094 0.03361981799797775
0 0.8697916666666666 0.7056370070778564 0.05587121212121212 0.053842264914054604
0 0.531155303030303 0.9604398382204247 0.04412878787878788 0.05637007077856421
0 0.6107954545454546 0.26693629929221435 0.038257575757575754 0.042467138523761376
0 0.2415719696969697 0.8950960566228514 0.05587121212121212 0.054600606673407485
0 0.28702651515151517 0.6093276036400405 0.04412878787878788 0.04322548028311426
0 0.634375 0.47775530839231545 0.055113636363636365 0.057633973710819006
0 0.553125 0.8277300303336703 0.035037878787878785 0.03564206268958544
0 0.8180871212121212 0.7510111223458038 0.061553030303030304 0.0672396359959555
0 0.21458333333333332 0.43250758341759354 0.032196969696969696 0.027805864509605663
0 0.31278409090909093 0.7525278058645096 0.038446969696969695 0.03943377148634985
0 0.7831439393939394 0.9207532861476239 0.0446969696969697 0.048281092012133466
0 0.6049242424242425 0.7997977755308392 0.0428030303030303 0.044489383215369056
0 0.42793560606060604 0.3570525783619818 0.06117424242424242 0.06799797775530839
0 0.08200757575757575 0.8358190091001011 0.02878787878787879 0.0346309403437816
0 0.9827651515151515 0.9084934277047523 0.03446969696969697 0.05712841253791709
0 0.2797348484848485 0.9429979777553084 0.03977272727272727 0.04019211324570273
0 0.4654356060606061 0.2141051567239636 0.03238636363636364 0.034378159757330634
0 0.9617424242424243 0.5854398382204247 0.05946969696969697 0.0551061678463094
0 0.5963068181818182 0.6500252780586451 0.048295454545454544 0.04929221435793731
0 0.21013257575757577 0.23559150657229525 0.052083333333333336 0.0525783619817998
0 0.553314393939394 0.712082912032356 0.04791666666666667 0.0455005055611729
0 0.7103219696969697 0.5151668351870576 0.03125 0.03134479271991911
0 0.7359848484848485 0.6265166835187057 0.03939393939393939 0.034125379170879676
0 0.8661931818181818 0.6506572295247725 0.05738636363636364 0.05864509605662285