0 0.7692234848484848 0.9475480283114257 0.13579545454545455 0.10439838220424671
0 0.6652462121212122 0.7664307381193124 0.08200757575757575 0.07836198179979778
0 0.25672348484848484 0.563953488372093 0.06496212121212121 0.07077856420626896
0 0.625094696969697 0.6951466127401416 0.07670454545454546 0.08645096056622852
0 0.6772727272727272 0.5645854398382204 0.0659090909090909 0.0634479271991911
0 0.26202651515151515 0.8198938321536906 0.08579545454545455 0.08923154701718908
0 0.47575757575757577 0.3699443882709808 0.07537878787878788 0.07912032355915066
0 0.7347537878787879 0.8573053589484327 0.08200757575757575 0.08518705763397372
0 0.0690340909090909 0.8411274014155713 0.08125 0.07659251769464105
0 0.9357954545454545 0.7344539939332659 0.07916666666666666 0.0801314459049545
0 0.7547348484848485 0.09580384226491405 0.05227272727272727 0.0525783619817998
0 0.13134469696969697 0.6260111223458038 0.061553030303030304 0.06395348837209303
0 0.9050189393939394 0.5463852376137512 0.06837121212121212 0.0776036400404449
0 0.359375 0.6785894843276037 0.055113636363636365 0.05637007077856421
0 0.01865530303030303 0.41898382204246715 0.036931818181818184 0.0609201213346815
0 0.35378787878787876 0.10553589484327604 0.05227272727272727 0.05283114256825076
0 0.4043560606060606 0.28956016177957533 0.05227272727272727 0.05839231547017189
0 0.6025568181818182 0.9433771486349848 0.06875 0.07482305358948432
0 0.7857954545454545 0.05093528816986855 0.038257575757575754 0.03867542972699697
0 0.5932765151515151 0.02186552072800809 0.06117424242424242 0.04373104145601618
0 0.1359848484848485 0.9004044489383215 0.045454545454545456 0.043478260869565216
0 0.9418560606060606 0.3695652173913043 0.0856060606060606 0.08796764408493428
0 0.9263257575757575 0.45791203235591504 0.04924242424242424 0.050808897876643076
0 0.9553977272727273 0.9580384226491405 0.07291666666666667 0.07633973710819009
0 0.43863636363636366 0.23723458038422648 0.042045454545454546 0.048281092012133466
0 0.9234848484848485 0.8134479271991911 0.08181818181818182 0.07735085945399393
0 0.9359848484848485 0.08607178968655207 0.03787878787878788 0.04575328614762386
0 0.25615530303030304 0.055990899898887767 0.048295454545454544 0.05131445904954499
0 0.02196969696969697 0.9296006066734075 0.043560606060606064 0.06547017189079879
0 0.3170454545454545 0.9591759352881699 0.0821969696969697 0.08114256825075834
0 0.28939393939393937 0.737360970677452 0.06553030303030304 0.07532861476238625
0 0.02793560606060606 0.11210819009100101 0.030113636363636363 0.03210313447927199
0 0.8902462121212121 0.0794994944388271 0.036931818181818184 0.041708796764408494
0 0.6114583333333333 0.8608442871587462 0.05700757575757576 0.0634479271991911
0 0.9860795454545455 0.5744438827098078 0.02784090909090909 0.03918099089989889
0 0.8232954545454545 0.11362487360970677 0.04393939393939394 0.051820020222446916
0 0.587594696969697 0.10932760364004045 0.06761363636363636 0.07002022244691608
0 0.23020833333333332 0.15154196157735086 0.02821969696969697 0.028058645096056625
0 0.3952651515151515 0.9542467138523761 0.07916666666666666 0.08746208291203236
0 0.8801136363636364 0.9048281092012134 0.0659090909090909 0.07103134479271991
0 0.893655303030303 0.128159757330637 0.03238636363636364 0.027300303336703743
0 0.8652462121212121 0.014787664307381192 0.029734848484848486 0.029575328614762385
0 0.07367424242424242 0.14977249747219415 0.042045454545454546 0.04019211324570273
0 0.18522727272727274 0.14092517694641052 0.03143939393939394 0.034125379170879676