0 0.6481060606060606 0.5074570273003033 0.12916666666666668 0.11754297269969666
0 0.959375 0.4384479271991911 0.061931818181818185 0.0609201213346815
0 0.23759469696969698 0.4910262891809909 0.05776515151515151 0.06193124368048534
0 0.6795454545454546 0.3046006066734075 0.09545454545454546 0.1051567239635996
0 0.3543560606060606 0.35528311425682507 0.048484848484848485 0.04929221435793731
0 0.859375 0.33493427704752277 0.10397727272727272 0.11375126390293225
0 0.290625 0.7377401415571284 0.08617424242424243 0.0826592517694641
0 0.21240530303030303 0.9460313447927199 0.0668560606060606 0.07305358948432761
0 0.023958333333333335 0.054853387259858444 0.04791666666666667 0.06016177957532862
0 0.40397727272727274 0.38283619817997977 0.05909090909090909 0.05738119312436805
0 0.5334280303030303 0.35136501516683516 0.08049242424242424 0.07836198179979778
0 0.17698863636363638 0.5169362992922144 0.056628787878787876 0.06370070778564206
0 0.10833333333333334 0.6114762386248737 0.06363636363636363 0.06673407482305359
0 0.5500946969696969 0.23356926188068755 0.09071969696969696 0.10010111223458039
0 0.5146780303030303 0.0358948432760364 0.07178030303030303 0.0717896865520728
0 0.487594696969697 0.5115015166835187 0.05284090909090909 0.059403437815975735
0 0.8633522727272728 0.19274519716885744 0.07859848484848485 0.08518705763397372
0 0.9636363636363636 0.7141051567239636 0.07272727272727272 0.0955510616784631
0 0.03115530303030303 0.9309908998988877 0.05928030303030303 0.07836198179979778
0 0.2772727272727273 0.3102881698685541 0.075 0.07912032355915066
0 0.09763257575757575 0.214737108190091 0.07291666666666667 0.07709807886754297
0 0.6134469696969697 0.9467896865520729 0.051515151515151514 0.05131445904954499
0 0.054924242424242424 0.7391304347826086 0.054924242424242424 0.05409504550050556
0 0.9839962121212121 0.3772750252780586 0.032007575757575756 0.06648129423660262
0 0.3572916666666667 0.8166076845298281 0.05890151515151515 0.059403437815975735
0 0.08399621212121212 0.9633468149646107 0.03996212121212121 0.04600606673407482
0 0.5079545454545454 0.9174671385237614 0.07651515151515151 0.0922649140546006
0 0.45615530303030305 0.3379676440849343 0.050189393939393936 0.050050556117290194
0 0.9736742424242424 0.1871840242669363 0.05227272727272727 0.09175935288169869
0 0.7057765151515152 0.634479271991911 0.06534090909090909 0.07280080889787664
0 0.8942234848484848 0.8744944388270981 0.07935606060606061 0.07457027300303337
0 0.45293560606060607 0.9796511627906976 0.05473484848484848 0.03968655207280081
0 0.9136363636363637 0.048660262891809906 0.07537878787878788 0.09074823053589484
0 0.03238636363636364 0.36261375126390294 0.06477272727272727 0.06900910010111223
0 0.5502840909090909 0.429474216380182 0.07367424242424242 0.07633973710819009
0 0.9747159090909091 0.8130687563195147 0.05056818181818182 0.07002022244691608
0 0.1353219696969697 0.10907482305358948 0.03996212121212121 0.04474216380182002
0 0.1952651515151515 0.5970677451971689 0.06212121212121212 0.06420626895854398
0 0.06325757575757576 0.8762639029322548 0.04696969696969697 0.04373104145601618
0 0.013446969696969697 0.2871587462082912 0.026893939393939394 0.050050556117290194
0 0.08475378787878787 0.07608695652173914 0.03579545454545455 0.036905965621840245
0 0.43797348484848486 0.23761375126390294 0.06420454545454546 0.0717896865520728
0 0.05700757575757576 0.28943377148634986 0.03446969696969697 0.04095045500505561
0 0.13115530303030304 0.0628159757330637 0.03996212121212121 0.04474216380182002
0 0.06865530303030302 0.6684782608695652 0.05625 0.05333670374115268
0 0.8829545454545454 0.5276794742163802 0.06477272727272727 0.0609201213346815
0 0.9820075757575758 0.02641557128412538 0.03598484848484849 0.05030333670374115
0 0.13560606060606062 0.9799039433771486 0.06742424242424243 0.03918099089989889
0 0.9731060606060606 0.09820525783619818 0.05378787878787879 0.07709807886754297
0 0.39024621212121213 0.9767441860465116 0.05738636363636364 0.0455005055611729
0 0.9591856060606061 0.5754550050556118 0.04071969696969697 0.041708796764408494
0 0.017045454545454544 0.8158493427704753 0.03409090909090909 0.05788675429726997