0 0.16789772727272728 0.567366026289181 0.0740530303030303 0.08417593528816987
0 0.41202651515151517 0.9561425682507584 0.05056818181818182 0.05434782608695652
0 0.8636363636363636 0.3345551061678463 0.055303030303030305 0.051820020222446916
0 0.3086174242424242 0.17037411526794743 0.04640151515151515 0.050050556117290194
0 0.46136363636363636 0.11324570273003033 0.07045454545454545 0.0672396359959555
0 0.1275568181818182 0.037537917087967644 0.03920454545454546 0.0442366026289181
0 0.359375 0.25783619817997977 0.05435606060606061 0.05864509605662285
0 0.12727272727272726 0.445525783619818 0.05265151515151515 0.050808897876643076
0 0.4140151515151515 0.7486097067745198 0.07613636363636364 0.07204246713852376
0 0.014678030303030304 0.17719919110212334 0.029356060606060608 0.03741152679474216
0 0.8097537878787879 0.35667340748230536 0.03920454545454546 0.038928210313447925
0 0.1734848484848485 0.17479777553083922 0.03674242424242424 0.03816986855409504
0 0.909375 0.7109453993933266 0.058522727272727275 0.06547017189079879
0 0.7936553030303031 0.11059150657229525 0.02518939393939394 0.02654196157735086
0 0.09621212121212121 0.5600353892821032 0.05568181818181818 0.06799797775530839
0 0.15255681818181818 0.24001516683518706 0.02821969696969697 0.03109201213346815
0 0.4636363636363636 0.3203993933265925 0.05378787878787879 0.05283114256825076
0 0.03446969696969697 0.5577603640040445 0.04053030303030303 0.04221435793731042
0 0.8263257575757575 0.051693629929221434 0.03333333333333333 0.04019211324570273
0 0.05350378787878788 0.029069767441860465 0.03958333333333333 0.0455005055611729
0 0.2390151515151515 0.2580889787664307 0.05227272727272727 0.04903943377148635
0 0.9114583333333334 0.5475227502527806 0.060037878787878786 0.054600606673407485
0 0.014678030303030304 0.7955005055611729 0.029356060606060608 0.06976744186046512
0 0.4369318181818182 0.2712335692618807 0.04659090909090909 0.0525783619817998
0 0.337405303030303 0.7613751263902933 0.03314393939393939 0.03741152679474216
0 0.017329545454545455 0.05839231547017189 0.03465909090909091 0.0455005055611729
0 0.10208333333333333 0.40141557128412536 0.03409090909090909 0.03387259858442872
0 0.2353219696969697 0.6909757330637007 0.03465909090909091 0.03564206268958544
0 0.026325757575757575 0.41569767441860467 0.048863636363636366 0.05434782608695652
0 0.08882575757575757 0.6386501516683518 0.022727272727272728 0.028058645096056625
0 0.010606060606060607 0.5179474216380182 0.021212121212121213 0.04196157735085945
0 0.8731060606060606 0.038296258847320526 0.025757575757575757 0.024014155712841254
0 0.27102272727272725 0.6771991911021233 0.04053030303030303 0.04196157735085945
0 0.06117424242424242 0.2269969666329626 0.03257575757575758 0.03538928210313448
0 0.8535984848484849 0.21777047522750254 0.03143939393939394 0.035136501516683516
0 0.030776515151515152 0.9354145601617796 0.03768939393939394 0.04019211324570273
0 0.07149621212121213 0.4429979777553084 0.04791666666666667 0.05990899898887765
0 0.3140151515151515 0.2603640040444894 0.037121212121212124 0.038928210313447925
0 0.8941287878787879 0.8048533872598584 0.02196969696969697 0.021739130434782608
0 0.9902462121212121 0.45740647118301314 0.01950757575757576 0.03260869565217391
0 0.051704545454545454 0.3722194135490394 0.03295454545454545 0.03665318503538928
0 0.646875 0.8321536905965622 0.024053030303030302 0.023761375126390292
0 0.7129734848484849 0.21119817997977755 0.03162878787878788 0.0346309403437816
0 0.11581439393939394 0.22901921132457026 0.05965909090909091 0.06370070778564206
0 0.7527462121212121 0.14446410515672398 0.022916666666666665 0.023508594539939334
0 0.5607954545454545 0.9148129423660263 0.03409090909090909 0.03640040444893832
0 0.7902462121212122 0.1396612740141557 0.03806818181818182 0.03210313447927199
0 0.19261363636363638 0.954752275025278 0.03106060606060606 0.029828109201213347
0 0.2857954545454545 0.017568250758341758 0.0571969696969697 0.035136501516683516
0 0.39886363636363636 0.17795753286147623 0.04924242424242424 0.05864509605662285
0 0.18797348484848486 0.12297775530839232 0.056628787878787876 0.05637007077856421
0 0.6507575757575758 0.981041456016178 0.060227272727272727 0.036905965621840245
0 0.9640151515151515 0.6547017189079879 0.03333333333333333 0.034378159757330634