0 0.02234848484848485 0.6713852376137512 0.0446969696969697 0.0621840242669363
0 0.7397727272727272 0.6204499494438828 0.07083333333333333 0.07305358948432761
0 0.7888257575757576 0.9101365015166836 0.07651515151515151 0.07355915065722952
0 0.32954545454545453 0.3487108190091001 0.07045454545454545 0.07103134479271991
0 0.6686553030303031 0.16974216380182003 0.08049242424242424 0.08367037411526795
0 0.600284090909091 0.1615267947421638 0.05700757575757576 0.055611729019211326
0 0.13541666666666666 0.820525783619818 0.07651515151515151 0.08291203235591507
0 0.32831439393939393 0.22535389282103135 0.06723484848484848 0.06799797775530839
0 0.3377840909090909 0.967644084934277 0.052083333333333336 0.05358948432760364
0 0.831155303030303 0.16038928210313447 0.07443181818181818 0.0755813953488372
0 0.18835227272727273 0.28753791708796766 0.06571969696969697 0.06900910010111223
0 0.709375 0.43238119312436807 0.05700757575757576 0.05889787664307381
0 0.256344696969697 0.5025278058645096 0.06837121212121212 0.0717896865520728
0 0.3068181818181818 0.7862740141557129 0.05416666666666667 0.05535894843276037
0 0.016477272727272726 0.6073053589484327 0.03295454545454545 0.05535894843276037
0 0.35113636363636364 0.03614762386248736 0.08257575757575758 0.07229524772497473
0 0.42670454545454545 0.7656723963599595 0.06666666666666667 0.07633973710819009
0 0.9041666666666667 0.657103134479272 0.07121212121212121 0.06799797775530839
0 0.6736742424242425 0.0859453993933266 0.05795454545454545 0.06673407482305359
0 0.6660037878787879 0.2559403437815976 0.04640151515151515 0.048281092012133466
0 0.7765151515151515 0.7841253791708797 0.055303030303030305 0.057633973710819006
0 0.5517045454545455 0.5262891809908999 0.06325757575757576 0.06370070778564206
0 0.7725378787878788 0.3993933265925177 0.04621212121212121 0.04903943377148635
0 0.8831439393939394 0.7305358948432761 0.05265151515151515 0.04802831142568251
0 0.6518939393939394 0.6428210313447927 0.05795454545454545 0.05915065722952477
0 0.3522727272727273 0.5781092012133469 0.05227272727272727 0.05813953488372093
0 0.13579545454545455 0.21183013144590496 0.058333333333333334 0.06066734074823053
0 0.20956439393939394 0.4083670374115268 0.04299242424242424 0.04373104145601618
0 0.059185606060606064 0.42302831142568253 0.060037878787878786 0.05738119312436805
0 0.05416666666666667 0.47345803842264916 0.045454545454545456 0.047522750252780584
0 0.38323863636363636 0.11059150657229525 0.07178030303030303 0.0776036400404449
0 0.9815340909090909 0.8710819009100101 0.0365530303030303 0.0743174924165824
0 0.5279356060606061 0.7459555106167847 0.05928030303030303 0.06319514661274014
0 0.8850378787878788 0.5599089989888777 0.0659090909090909 0.06622851365015167
0 0.0353219696969697 0.9230283114256825 0.06571969696969697 0.07002022244691608
0 0.013636363636363636 0.30674924165824063 0.02727272727272727 0.047269969666329625
0 0.5519886363636364 0.6166582406471183 0.05625 0.0634479271991911
0 0.5896780303030303 0.7299039433771486 0.06571969696969697 0.06900910010111223
0 0.8256628787878788 0.3466885743174924 0.052083333333333336 0.05738119312436805
0 0.9696022727272727 0.5405712841253791 0.05928030303030303 0.06445904954499494
0 0.14469696969696969 0.34125379170879677 0.051515151515151514 0.050050556117290194
0 0.9700757575757576 0.9591759352881699 0.059848484848484845 0.07861476238624873
0 0.5605113636363637 0.25669868554095043 0.07784090909090909 0.07457027300303337
0 0.662689393939394 0.8926946410515673 0.07196969696969698 0.07457027300303337
0 0.01553030303030303 0.25025278058645095 0.03106060606060606 0.046511627906976744
0 0.11117424242424243 0.6511627906976745 0.041666666666666664 0.03640040444893832
0 0.08333333333333333 0.724469160768453 0.04696969696969697 0.047522750252780584
0 0.9287878787878788 0.029069767441860465 0.05227272727272727 0.05358948432760364
0 0.23825757575757575 0.7805864509605662 0.042045454545454546 0.044489383215369056
0 0.5805871212121212 0.07267441860465117 0.060037878787878786 0.06445904954499494
0 0.27954545454545454 0.4220171890798787 0.06628787878787878 0.0755813953488372
0 0.6607007575757575 0.346056622851365 0.05625 0.05611729019211325
0 0.7559659090909091 0.682633973710819 0.036931818181818184 0.041708796764408494
0 0.7910037878787879 0.23546511627906977 0.03806818181818182 0.04019211324570273
0 0.08503787878787879 0.5824064711830131 0.041666666666666664 0.03993933265925177
0 0.625094696969697 0.8269716885743175 0.0634469696969697 0.05839231547017189
0 0.6206439393939394 0.4167087967644085 0.04053030303030303 0.04373104145601618
0 0.7822916666666667 0.9783872598584429 0.04943181818181818 0.042719919110212334
0 0.8551136363636364 0.9254297269969667 0.045075757575757575 0.042467138523761376
0 0.48863636363636365 0.09908998988877654 0.05037878787878788 0.047522750252780584
0 0.7114583333333333 0.9758594539939333 0.05359848484848485 0.047269969666329625
0 0.8291666666666667 0.6956521739130435 0.05757575757575758 0.06016177957532862
0 0.7178977272727273 0.32381193124368046 0.050189393939393936 0.050050556117290194
0 0.9011363636363636 0.32381193124368046 0.05454545454545454 0.0551061678463094
0 0.9876893939393939 0.43351870576339735 0.02462121212121212 0.04196157735085945
0 0.9545454545454546 0.45778564206268957 0.04090909090909091 0.054600606673407485
0 0.7338068181818181 0.23887765419615772 0.03920454545454546 0.042467138523761376