0 0.878125 0.480535894843276 0.058143939393939394 0.05864509605662285
0 0.12916666666666668 0.19464105156723963 0.043560606060606064 0.04903943377148635
0 0.8549242424242425 0.4220171890798787 0.051515151515151514 0.05333670374115268
0 0.35331439393939396 0.6019969666329625 0.07026515151515152 0.07608695652173914
0 0.4922348484848485 0.024646107178968656 0.04242424242424243 0.04474216380182002
0 0.1809659090909091 0.5446157735085946 0.0634469696969697 0.0634479271991911
0 0.4471590909090909 0.7228260869565217 0.04431818181818182 0.04524772497472194
0 0.600284090909091 0.8100353892821032 0.07443181818181818 0.07810920121334682
0 0.37850378787878786 0.13763902932254804 0.05321969696969697 0.05788675429726997
0 0.15132575757575759 0.9546258847320526 0.04734848484848485 0.04929221435793731
0 0.020075757575757577 0.1454752275025278 0.03977272727272727 0.05637007077856421
0 0.9668560606060606 0.48811931243680484 0.06098484848484848 0.06370070778564206
0 0.17357954545454546 0.731041456016178 0.06875 0.0743174924165824
0 0.3783143939393939 0.7550556117290192 0.06420454545454546 0.0692618806875632
0 0.9856060606060606 0.6113498483316482 0.02878787878787879 0.042719919110212334
0 0.7557765151515151 0.5826592517694641 0.05132575757575757 0.050050556117290194
0 0.5150568181818181 0.29777553083923153 0.05246212121212121 0.052072800808897875
0 0.2678030303030303 0.26832659251769464 0.05909090909090909 0.06243680485338726
0 0.07869318181818181 0.2860212335692619 0.038446969696969695 0.04221435793731042
0 0.23797348484848485 0.11589989888776542 0.030113636363636363 0.03614762386248736
0 0.1777462121212121 0.8442871587462083 0.07367424242424242 0.0839231547017189
0 0.9452651515151516 0.7349595551061678 0.053409090909090906 0.05990899898887765
0 0.9720643939393939 0.11450960566228513 0.0509469696969697 0.057633973710819006
0 0.5053030303030303 0.8885237613751263 0.06136363636363636 0.06268958543983821
0 0.7948863636363637 0.5451213346814965 0.054924242424242424 0.05889787664307381
0 0.8301136363636363 0.8739888776541962 0.048863636363636366 0.051820020222446916
0 0.5288825757575758 0.39838220424671383 0.060037878787878786 0.0692618806875632
0 0.374905303030303 0.6841506572295247 0.052083333333333336 0.04979777553083923
0 0.6670454545454545 0.9043225480283115 0.058333333333333334 0.06193124368048534
0 0.9020833333333333 0.957912032355915 0.05568181818181818 0.05788675429726997
0 0.05653409090909091 0.9792719919110212 0.05435606060606061 0.04044489383215369
0 0.6243371212121213 0.10149140546006066 0.03617424242424242 0.03361981799797775
0 0.04715909090909091 0.717896865520728 0.08409090909090909 0.08796764408493428
0 0.48200757575757575 0.589231547017189 0.06666666666666667 0.0692618806875632
0 0.5543560606060606 0.9538675429726997 0.051515151515151514 0.05738119312436805
0 0.053125 0.5447421638018201 0.03920454545454546 0.042467138523761376
0 0.6400568181818181 0.7156218402426694 0.0706439393939394 0.07280080889787664
0 0.5795454545454546 0.5927704752275025 0.054924242424242424 0.05813953488372093
0 0.023295454545454546 0.028437815975733062 0.03901515151515152 0.04524772497472194
0 0.11060606060606061 0.795247724974722 0.05454545454545454 0.057633973710819006
0 0.8874053030303031 0.8832153690596563 0.045265151515151515 0.04802831142568251
0 0.8868371212121212 0.3633720930232558 0.0365530303030303 0.04373104145601618
0 0.8581439393939394 0.278943377148635 0.03901515151515152 0.041708796764408494
0 0.7767045454545455 0.0872093023255814 0.05416666666666667 0.06016177957532862
0 0.01240530303030303 0.09656218402426693 0.02481060606060606 0.03842264914054601
0 0.17547348484848485 0.16746713852376138 0.052083333333333336 0.056875631951466124
0 0.11240530303030304 0.5207280080889788 0.038825757575757576 0.0429726996966633
0 0.08636363636363636 0.46498988877654196 0.03484848484848485 0.040697674418604654
0 0.8455492424242425 0.07633973710819009 0.04071969696969697 0.03993933265925177
0 0.30833333333333335 0.746587462082912 0.07689393939393939 0.0776036400404449
0 0.7945075757575758 0.666582406471183 0.048863636363636366 0.05358948432760364
0 0.023579545454545454 0.3514914054600607 0.04715909090909091 0.060414560161779575
0 0.8947916666666667 0.5644590495449949 0.05625 0.05915065722952477
0 0.8400568181818182 0.5992163801820021 0.055113636363636365 0.05788675429726997
0 0.5232954545454546 0.06458543983822042 0.051515151515151514 0.05535894843276037
0 0.20615530303030302 0.6232305358948432 0.08541666666666667 0.08063700707785643
0 0.35776515151515154 0.06749241658240647 0.053409090909090906 0.055611729019211326
0 0.909375 0.019716885743174924 0.05359848484848485 0.03943377148634985
0 0.9111742424242424 0.11501516683518706 0.05265151515151515 0.05611729019211325
0 0.9372159090909091 0.24785136501516683 0.030113636363636363 0.03614762386248736
0 0.43702651515151514 0.8049797775530839 0.03579545454545455 0.0346309403437816
0 0.21960227272727273 0.9438827098078868 0.06268939393939393 0.06622851365015167
0 0.06060606060606061 0.8859959555106168 0.05 0.06016177957532862
0 0.32329545454545455 0.14345298281092012 0.05265151515151515 0.05434782608695652
0 0.8086174242424242 0.4241658240647118 0.04147727272727273 0.03943377148634985
0 0.071875 0.01693629929221436 0.042234848484848486 0.03387259858442872
0 0.9297348484848484 0.3627401415571284 0.04015151515151515 0.042467138523761376
0 0.017329545454545455 0.8861223458038423 0.03465909090909091 0.07002022244691608
0 0.03380681818181818 0.6424418604651163 0.06079545454545455 0.07103134479271991
0 0.765435606060606 0.9566481294236603 0.04261363636363636 0.047269969666329625
0 0.490625 0.6996966632962589 0.05776515151515151 0.06420626895854398
0 0.9541666666666667 0.666582406471183 0.04659090909090909 0.050050556117290194
0 0.9825757575757575 0.971309403437816 0.03484848484848485 0.05535894843276037
0 0.8823863636363637 0.16190596562184023 0.030303030303030304 0.035136501516683516
0 0.6986742424242425 0.6816228513650152 0.058333333333333334 0.05637007077856421
0 0.7311553030303031 0.5271739130434783 0.07253787878787879 0.07457027300303337
0 0.2265151515151515 0.3998988877654196 0.04128787878787879 0.0455005055611729
0 0.9866477272727273 0.7186552072800809 0.026704545454545453 0.03640040444893832
0 0.46079545454545456 0.17252275025278058 0.035606060606060606 0.03816986855409504
0 0.05653409090909091 0.08063700707785643 0.023295454545454546 0.023761375126390292
0 0.9867424242424242 0.34453993933265925 0.025757575757575757 0.05611729019211325
0 0.28617424242424244 0.35085945399393326 0.03598484848484849 0.03083923154701719
0 0.306155303030303 0.5276794742163802 0.05132575757575757 0.042719919110212334
0 0.8142045454545455 0.31066734074823055 0.05757575757575758 0.06370070778564206
0 0.9382575757575757 0.18503538928210314 0.031818181818181815 0.03640040444893832
0 0.6622159090909091 0.09694135490394337 0.033522727272727273 0.034125379170879676
0 0.11297348484848485 0.33645096056622853 0.030113636363636363 0.02578361981799798
0 0.18295454545454545 0.4395854398382204 0.038636363636363635 0.042467138523761376
0 0.5725378787878788 0.708164812942366 0.05075757575757576 0.05434782608695652
0 0.7349431818181819 0.8729777553083923 0.06496212121212121 0.061425682507583415
0 0.9631628787878788 0.907103134479272 0.03465909090909091 0.03816986855409504
0 0.40520833333333334 0.17707280080889787 0.02518939393939394 0.025530839231547017
0 0.19024621212121212 0.09858442871587463 0.03314393939393939 0.03538928210313448
0 0.17045454545454544 0.3348078867542973 0.038636363636363635 0.040697674418604654
0 0.9890151515151515 0.2031092012133468 0.02196969696969697 0.029069767441860465
0 0.23513257575757576 0.21941354903943378 0.0365530303030303 0.03842264914054601
0 0.8089962121212121 0.16771991911021233 0.02859848484848485 0.0346309403437816
0 0.6884469696969697 0.8054853387259858 0.0571969696969697 0.06496461071789686
0 0.45293560606060607 0.4029322548028311 0.05473484848484848 0.051061678463094035
0 0.7461174242424242 0.772876643073812 0.055113636363636365 0.054853387259858444
0 0.7375946969696969 0.012259858442871587 0.03920454545454546 0.024519716885743174