0 0.5799242424242425 0.6449696663296259 0.06439393939393939 0.07507583417593529
0 0.05795454545454545 0.1948938321536906 0.048106060606060604 0.054600606673407485
0 0.790435606060606 0.3126895854398382 0.06420454545454546 0.07128412537917088
0 0.04384469696969697 0.4173407482305359 0.04412878787878788 0.05055611729019211
0 0.0747159090909091 0.5212335692618807 0.048295454545454544 0.051061678463094035
0 0.6299242424242424 0.21498988877654196 0.06401515151515151 0.06698685540950455
0 0.3549242424242424 0.4882457027300303 0.06287878787878788 0.0659757330637007
0 0.5880681818181818 0.9375631951466128 0.05416666666666667 0.05712841253791709
0 0.7583333333333333 0.7305358948432761 0.06780303030303031 0.06521739130434782
0 0.818655303030303 0.7156218402426694 0.058522727272727275 0.06066734074823053
0 0.7242424242424242 0.8346814964610718 0.0659090909090909 0.06673407482305359
0 0.24867424242424244 0.16911021233569262 0.0659090909090909 0.06875631951466127
0 0.7134469696969697 0.20045500505561173 0.061742424242424244 0.06572295247724974
0 0.43797348484848486 0.20285642062689585 0.05056818181818182 0.05333670374115268
0 0.215625 0.03349342770475228 0.055113636363636365 0.05839231547017189
0 0.9096590909090909 0.5120070778564206 0.04053030303030303 0.048281092012133466
0 0.5807765151515152 0.3263397371081901 0.06534090909090909 0.0717896865520728
0 0.09308712121212122 0.759732052578362 0.04375 0.04929221435793731
0 0.40397727272727274 0.5303336703741153 0.04659090909090909 0.04802831142568251
0 0.11221590909090909 0.8063700707785642 0.05246212121212121 0.055611729019211326
0 0.01628787878787879 0.7129676440849343 0.03257575757575758 0.042719919110212334
0 0.35236742424242423 0.6846562184024267 0.0634469696969697 0.06900910010111223
0 0.11306818181818182 0.9355409504550051 0.04583333333333333 0.05409504550050556
0 0.22007575757575756 0.33367037411526795 0.051515151515151514 0.05308392315470172
0 0.984375 0.8795500505561172 0.030871212121212122 0.05990899898887765
0 0.020265151515151514 0.6217138523761375 0.04053030303030303 0.050808897876643076
0 0.22992424242424242 0.5055611729019212 0.06136363636363636 0.06066734074823053
0 0.08835227272727272 0.1333417593528817 0.05397727272727273 0.054853387259858444
0 0.13882575757575757 0.07874115267947422 0.03257575757575758 0.029575328614762385
0 0.3013257575757576 0.8634984833164813 0.045454545454545456 0.046511627906976744
0 0.049337121212121214 0.7316734074823054 0.04261363636363636 0.04474216380182002
0 0.9799242424242425 0.9548786653185035 0.03977272727272727 0.05434782608695652
0 0.14015151515151514 0.15091001011122346 0.0625 0.06521739130434782
0 0.3368371212121212 0.10010111223458039 0.05587121212121212 0.06117290192113246
0 0.7742424242424243 0.5018958543983822 0.06628787878787878 0.0776036400404449
0 0.011458333333333333 0.1870576339737108 0.022916666666666665 0.05813953488372093
0 0.026136363636363635 0.4747219413549039 0.038636363636363635 0.044489383215369056
0 0.27301136363636364 0.7253538928210314 0.05965909090909091 0.06900910010111223
0 0.08617424242424243 0.3609706774519717 0.048106060606060604 0.05308392315470172
0 0.5841856060606061 0.1545753286147624 0.05246212121212121 0.05637007077856421
0 0.496875 0.2391304347826087 0.06647727272727273 0.07077856420626896
0 0.14886363636363636 0.5068250758341759 0.05113636363636364 0.05965621840242669
0 0.17992424242424243 0.7906976744186046 0.042045454545454546 0.04398382204246714
0 0.2767045454545455 0.09074823053589484 0.035227272727272725 0.038928210313447925
0 0.4862689393939394 0.7357178968655207 0.04375 0.046258847320525785
0 0.5297348484848485 0.8701971688574317 0.05795454545454545 0.06243680485338726
0 0.781155303030303 0.967896865520728 0.05776515151515151 0.06167846309403438
0 0.36619318181818183 0.023129423660262893 0.048295454545454544 0.046258847320525785
0 0.42935606060606063 0.9701718907987866 0.060227272727272727 0.05864509605662285
0 0.1900568181818182 0.8340495449949444 0.03920454545454546 0.04474216380182002
0 0.937405303030303 0.3479524772497472 0.05397727272727273 0.05434782608695652
0 0.07111742424242425 0.8420121334681496 0.0490530303030303 0.05156723963599596
0 0.9856060606060606 0.455005055611729 0.02878787878787879 0.05055611729019211
0 0.3787878787878788 0.5840495449949444 0.043560606060606064 0.048281092012133466
0 0.10047348484848485 0.6592517694641051 0.056628787878787876 0.07077856420626896
0 0.7492424242424243 0.11564711830131445 0.03446969696969697 0.0371587462082912
0 0.12831439393939395 0.3037158746208291 0.05738636363636364 0.061425682507583415
0 0.18238636363636362 0.09479271991911022 0.042045454545454546 0.0455005055611729
0 0.3886363636363636 0.19893832153690597 0.058333333333333334 0.06572295247724974
0 0.5886363636363636 0.8717138523761375 0.055303030303030305 0.06648129423660262
0 0.6888257575757576 0.049671385237613754 0.06477272727272727 0.07002022244691608
0 0.1565340909090909 0.40053083923154703 0.05435606060606061 0.06395348837209303
0 0.5615530303030303 0.2269969666329626 0.042045454545454546 0.04398382204246714
0 0.24100378787878787 0.4409757330637007 0.058143939393939394 0.050808897876643076
0 0.618655303030303 0.06862992922143579 0.048674242424242425 0.04929221435793731
0 0.6610795454545455 0.6495197168857432 0.07178030303030303 0.06547017189079879
0 0.26022727272727275 0.8901668351870576 0.04053030303030303 0.042719919110212334
0 0.6595643939393939 0.8276036400404448 0.04071969696969697 0.046511627906976744
0 0.18276515151515152 0.2933518705763397 0.048484848484848485 0.05232558139534884
0 0.3380681818181818 0.5616784630940344 0.05227272727272727 0.055611729019211326
0 0.15946969696969698 0.9124115267947421 0.04053030303030303 0.04878665318503539
0 0.287594696969697 0.4364256825075834 0.035416666666666666 0.040697674418604654
0 0.42916666666666664 0.3614762386248736 0.03901515151515152 0.043478260869565216
0 0.4543560606060606 0.7874115267947421 0.06098484848484848 0.06673407482305359
0 0.43399621212121214 0.6103387259858443 0.045643939393939396 0.06193124368048534
0 0.5136363636363637 0.7788169868554095 0.05795454545454545 0.06066734074823053
0 0.18787878787878787 0.4557633973710819 0.03674242424242424 0.03286147623862487
0 0.022727272727272728 0.25745702730030334 0.045454545454545456 0.05738119312436805
0 0.7888257575757576 0.21170374115267948 0.033712121212121214 0.042719919110212334
0 0.15643939393939393 0.9732052578361982 0.06856060606060606 0.05308392315470172
0 0.030303030303030304 0.929726996966633 0.023863636363636365 0.023761375126390292
0 0.6698863636363637 0.2857684529828109 0.05378787878787879 0.05738119312436805
0 0.7214962121212121 0.9754802831142568 0.05397727272727273 0.04802831142568251
0 0.1422348484848485 0.7038675429726997 0.05454545454545454 0.05333670374115268
0 0.23115530303030302 0.9623356926188069 0.05738636363636364 0.06016177957532862
0 0.21079545454545454 0.6194388270980788 0.060227272727272727 0.05990899898887765
0 0.9857954545454546 0.26516683518705764 0.027651515151515153 0.03488372093023256
0 0.3765151515151515 0.9405965621840243 0.04734848484848485 0.0525783619817998
0 0.28882575757575757 0.9857178968655207 0.03901515151515152 0.028058645096056625
0 0.5859848484848484 0.983948432760364 0.041666666666666664 0.03109201213346815
0 0.4168560606060606 0.01377654196157735 0.056818181818181816 0.0275530839231547
0 0.09583333333333334 0.43554095045500507 0.06666666666666667 0.0621840242669363
0 0.5071969696969697 0.4058392315470172 0.048106060606060604 0.0609201213346815
0 0.31865530303030304 0.27224469160768455 0.048295454545454544 0.07280080889787664