0 0.6696969696969697 0.8962335692618807 0.04431818181818182 0.04373104145601618
0 0.6539772727272727 0.4283367037411527 0.0659090909090909 0.06243680485338726
0 0.9335227272727272 0.9183518705763397 0.04621212121212121 0.05156723963599596
0 0.9011363636363636 0.8260869565217391 0.038636363636363635 0.04499494438827098
0 0.8116477272727273 0.05952982810920121 0.06912878787878787 0.07406471183013144
0 0.02196969696969697 0.5729271991911021 0.04393939393939394 0.08367037411526795
0 0.5257575757575758 0.554726996966633 0.05378787878787879 0.0609201213346815
0 0.6928977272727272 0.5425935288169869 0.058143939393939394 0.05990899898887765
0 0.7960227272727273 0.16835187057633974 0.0625 0.06622851365015167
0 0.5988636363636364 0.40091001011122346 0.05643939393939394 0.05864509605662285
0 0.5167613636363636 0.6363751263902933 0.05928030303030303 0.059403437815975735
0 0.9262310606060606 0.7233316481294236 0.03731060606060606 0.04322548028311426
0 0.8729166666666667 0.39635995955510617 0.04659090909090909 0.04954499494438827
0 0.15520833333333334 0.6578614762386249 0.07253787878787879 0.07254802831142568
0 0.8874053030303031 0.5102376137512639 0.03768939393939394 0.04575328614762386
0 0.40397727272727274 0.4178463094034378 0.07083333333333333 0.08038422649140546
0 0.9863636363636363 0.6742922143579373 0.026893939393939394 0.046258847320525785
0 0.8024621212121212 0.9321284125379171 0.061742424242424244 0.06547017189079879
0 0.9866477272727273 0.08607178968655207 0.02556818181818182 0.05283114256825076
0 0.7476325757575758 0.0776036400404449 0.04678030303030303 0.050050556117290194
0 0.874905303030303 0.1890798786653185 0.05359848484848485 0.05358948432760364
0 0.7265151515151516 0.3727249747219414 0.03939393939393939 0.04373104145601618
0 0.5736742424242425 0.05776036400404449 0.05454545454545454 0.056875631951466124
0 0.962405303030303 0.394464105156724 0.05321969696969697 0.0609201213346815
0 0.4259469696969697 0.9124115267947421 0.06704545454545455 0.06900910010111223
0 0.46581439393939394 0.5779828109201214 0.06988636363636364 0.07254802831142568
0 0.9786931818181818 0.8436552072800809 0.042234848484848486 0.050808897876643076
0 0.9856060606060606 0.7793225480283115 0.02878787878787879 0.03993933265925177
0 0.9399621212121212 0.08657735085945399 0.05075757575757576 0.05535894843276037
0 0.8972537878787878 0.5846814964610718 0.05321969696969697 0.05915065722952477
0 0.3815340909090909 0.6237360970677452 0.055492424242424246 0.05535894843276037
0 0.5265151515151515 0.9442618806875632 0.05265151515151515 0.05131445904954499
0 0.7215909090909091 0.9728260869565217 0.05946969696969697 0.053842264914054604
0 0.5649621212121212 0.3330384226491405 0.06553030303030304 0.06648129423660262
0 0.13816287878787878 0.5803842264914054 0.07253787878787879 0.07633973710819009
0 0.7579545454545454 0.33645096056622853 0.04734848484848485 0.047522750252780584
0 0.6090909090909091 0.9700455005055612 0.05303030303030303 0.05283114256825076
0 0.9535037878787879 0.6405460060667341 0.04715909090909091 0.056622851365015166
0 0.4087121212121212 0.29347826086956524 0.05568181818181818 0.06016177957532862
0 0.8839962121212122 0.66051567239636 0.056628787878787876 0.06117290192113246
0 0.9164772727272728 0.23634984833164813 0.05568181818181818 0.05409504550050556
0 0.8349431818181818 0.516051567239636 0.035416666666666666 0.03766430738119313
0 0.9379734848484849 0.2861476238624874 0.029734848484848486 0.03185035389282103
0 0.8378787878787879 0.23154701718907988 0.05378787878787879 0.05358948432760364
0 0.5027462121212121 0.28677957532861476 0.05738636363636364 0.06243680485338726
0 0.7991477272727273 0.5973205257836198 0.03958333333333333 0.04095045500505561
0 0.2676136363636364 0.7009605662285137 0.06704545454545455 0.0672396359959555
0 0.2545454545454545 0.9303589484327603 0.0625 0.06698685540950455
0 0.787405303030303 0.794994944388271 0.051704545454545454 0.05813953488372093
0 0.8120265151515151 0.27717391304347827 0.045265151515151515 0.05637007077856421
0 0.038257575757575754 0.1327098078867543 0.035606060606060606 0.03185035389282103
0 0.2565340909090909 0.8027047522750252 0.06079545454545455 0.05889787664307381
0 0.9367424242424243 0.9823053589484327 0.04053030303030303 0.034378159757330634
0 0.6307765151515151 0.8564206268958544 0.06723484848484848 0.07280080889787664
0 0.1422348484848485 0.07836198179979778 0.04318181818181818 0.046511627906976744
0 0.01268939393939394 0.23988877654196158 0.02537878787878788 0.05611729019211325
0 0.6540719696969697 0.37398887765419614 0.04678030303030303 0.04929221435793731
0 0.7583333333333333 0.8594539939332659 0.035227272727272725 0.04196157735085945
0 0.743655303030303 0.7104398382204247 0.04337121212121212 0.04120323559150657
0 0.12490530303030303 0.496840242669363 0.05359848484848485 0.05637007077856421
0 0.3150568181818182 0.9595551061678463 0.052083333333333336 0.052072800808897875
0 0.6295454545454545 0.06306875631951465 0.060227272727272727 0.0609201213346815
0 0.8859848484848485 0.907355915065723 0.05227272727272727 0.06698685540950455
0 0.2252840909090909 0.06357431749241658 0.05473484848484848 0.05535894843276037
0 0.5710227272727273 0.2154954499494439 0.059848484848484845 0.06749241658240647
0 0.8041666666666667 0.38473205257836196 0.06553030303030304 0.07280080889787664
0 0.8226325757575758 0.5554853387259858 0.04981060606060606 0.05535894843276037
0 0.434375 0.1006066734074823 0.051704545454545454 0.0621840242669363
0 0.4861742424242424 0.22649140546006066 0.05795454545454545 0.06319514661274014
0 0.671685606060606 0.48988877654196156 0.06420454545454546 0.06117290192113246
0 0.909375 0.3710819009100101 0.035416666666666666 0.03741152679474216
0 0.5430871212121212 0.44691607684529827 0.05359848484848485 0.06572295247724974
0 0.32651515151515154 0.6190596562184024 0.06098484848484848 0.06268958543983821
0 0.7164772727272727 0.3332912032355915 0.03901515151515152 0.04120323559150657
0 0.9335227272727272 0.5343781597573306 0.0428030303030303 0.05611729019211325
0 0.5224431818181818 0.014029322548028312 0.05397727272727273 0.028058645096056625
0 0.8759469696969697 0.775530839231547 0.07651515151515151 0.06521739130434782
0 0.28863636363636364 0.10730535894843277 0.056818181818181816 0.07355915065722952
0 0.6009469696969697 0.7737613751263903 0.05303030303030303 0.0525783619817998
0 0.6615530303030303 0.7961324570273003 0.04318181818181818 0.046258847320525785
0 0.38295454545454544 0.10326086956521739 0.05378787878787879 0.06749241658240647