0 0.899905303030303 0.5132709807886754 0.11761363636363636 0.12108190091001012
0 0.39706439393939397 0.2281344792719919 0.10700757575757576 0.12462082912032356
0 0.18039772727272727 0.40217391304347827 0.10397727272727272 0.1263902932254803
0 0.9037878787878788 0.18023255813953487 0.055303030303030305 0.05813953488372093
0 0.8409090909090909 0.41822548028311424 0.09734848484848485 0.108948432760364
0 0.42736742424242424 0.8696916076845298 0.0706439393939394 0.07659251769464105
0 0.8694128787878788 0.31976744186046513 0.0971590909090909 0.10717896865520728
0 0.8224431818181818 0.8449191102123357 0.10321969696969698 0.11198179979777553
0 0.7605113636363636 0.29802831142568253 0.09375 0.10667340748230536
0 0.12907196969696969 0.18516177957532862 0.09678030303030304 0.12209302325581395
0 0.9611742424242424 0.9086198179979778 0.07689393939393939 0.10288169868554095
0 0.1946969696969697 0.7406471183013145 0.0696969696969697 0.07381193124368049
0 0.4075757575757576 0.7506319514661274 0.08522727272727272 0.09883720930232558
0 0.9071969696969697 0.7688321536905965 0.08106060606060606 0.07912032355915066
0 0.6054924242424242 0.3294994944388271 0.09621212121212121 0.10288169868554095
0 0.7742424242424243 0.06888270980788676 0.10303030303030303 0.1064206268958544
0 0.9045454545454545 0.0640798786653185 0.09053030303030303 0.1064206268958544
0 0.7807765151515151 0.58948432760364 0.0668560606060606 0.06268958543983821
0 0.08039772727272727 0.6225985844287159 0.06837121212121212 0.0717896865520728
0 0.962405303030303 0.15369059656218403 0.07481060606060606 0.09150657229524772
0 0.8192234848484848 0.9440091001011123 0.08541666666666667 0.08164812942366026
0 0.09772727272727273 0.8739888776541962 0.06136363636363636 0.06243680485338726
0 0.1347537878787879 0.7007077856420627 0.07670454545454546 0.08190091001011122
0 0.975189393939394 0.8075075834175935 0.04962121212121212 0.0755813953488372
0 0.025094696969696968 0.6831395348837209 0.04943181818181818 0.051820020222446916
0 0.7071969696969697 0.4697927199191102 0.06704545454545455 0.07002022244691608
0 0.16240530303030304 0.06483822042467138 0.09564393939393939 0.09378159757330637
0 0.9104166666666667 0.973963599595551 0.07954545454545454 0.051061678463094035
0 0.7140151515151515 0.9254297269969667 0.07575757575757576 0.07937310414560161
0 0.9470643939393939 0.3641304347826087 0.06875 0.07355915065722952
0 0.046875 0.2704752275025278 0.06609848484848485 0.0717896865520728
0 0.2827651515151515 0.04196157735085945 0.06893939393939394 0.06673407482305359
0 0.4509469696969697 0.04082406471183013 0.09583333333333334 0.08164812942366026
0 0.7678030303030303 0.16847826086956522 0.09128787878787879 0.08923154701718908
0 0.2478219696969697 0.8417593528816987 0.06534090909090909 0.06976744186046512
0 0.274905303030303 0.12146107178968656 0.08503787878787879 0.08619817997977755
0 0.531344696969697 0.24949443882709807 0.09829545454545455 0.10465116279069768
0 0.05880681818181818 0.9637259858442871 0.05700757575757576 0.061425682507583415
0 0.6399621212121213 0.9490647118301314 0.05265151515151515 0.05434782608695652
0 0.9743371212121212 0.23900404448938323 0.05132575757575757 0.08619817997977755
0 0.6743371212121212 0.525530839231547 0.07178030303030303 0.05965621840242669
0 0.4709280303030303 0.8037158746208292 0.060037878787878786 0.053842264914054604
0 0.803409090909091 0.6535642062689585 0.09053030303030303 0.09074823053589484
0 0.5143939393939394 0.9859706774519716 0.03257575757575758 0.02704752275025278
0 0.15615530303030303 0.9081142568250758 0.05397727272727273 0.050808897876643076