0 0.4252840909090909 0.6663296258847321 0.058143939393939394 0.06167846309403438
0 0.9474431818181818 0.6368806875631952 0.0509469696969697 0.05637007077856421
0 0.02149621212121212 0.5151668351870576 0.04299242424242424 0.05156723963599596
0 0.8263257575757575 0.6176693629929222 0.06363636363636363 0.06547017189079879
0 0.8143939393939394 0.7058897876643074 0.04696969696969697 0.04878665318503539
0 0.5420454545454545 0.45336198179979775 0.05568181818181818 0.061425682507583415
0 0.22329545454545455 0.5791203235591507 0.048484848484848485 0.0525783619817998
0 0.8336174242424242 0.23837209302325582 0.07821969696969697 0.08442871587462084
0 0.9087121212121212 0.35136501516683516 0.07121212121212121 0.07077856420626896
0 0.3481060606060606 0.08379676440849343 0.048863636363636366 0.04878665318503539
0 0.23210227272727274 0.7663043478260869 0.061931818181818185 0.06547017189079879
0 0.3856060606060606 0.5173154701718908 0.04431818181818182 0.04575328614762386
0 0.7481060606060606 0.4011627906976744 0.06098484848484848 0.06167846309403438
0 0.27755681818181815 0.7182760364004045 0.050189393939393936 0.05434782608695652
0 0.5214015151515151 0.30851870576339735 0.05946969696969697 0.06193124368048534
0 0.6640151515151516 0.35098584428715873 0.04734848484848485 0.046258847320525785
0 0.08674242424242425 0.038928210313447925 0.033712121212121214 0.042467138523761376
0 0.9152462121212122 0.9441354903943378 0.05359848484848485 0.057633973710819006
0 0.44166666666666665 0.590242669362993 0.06098484848484848 0.06268958543983821
0 0.027556818181818182 0.1615267947421638 0.05359848484848485 0.05965621840242669
0 0.14147727272727273 0.7912032355915066 0.0571969696969697 0.06016177957532862
0 0.13759469696969698 0.49077350859453994 0.05435606060606061 0.05990899898887765
0 0.618655303030303 0.0820273003033367 0.05284090909090909 0.051820020222446916
0 0.881155303030303 0.07899393326592517 0.05473484848484848 0.06445904954499494
0 0.20331439393939393 0.9256825075834176 0.04337121212121212 0.04095045500505561
0 0.703125 0.17985338725985844 0.04791666666666667 0.046258847320525785
0 0.07774621212121212 0.3393579373104146 0.04109848484848485 0.04120323559150657
0 0.01571969696969697 0.3367037411526795 0.03143939393939394 0.050050556117290194
0 0.08077651515151515 0.4671385237613751 0.05965909090909091 0.05712841253791709
0 0.2747159090909091 0.5467644084934277 0.051704545454545454 0.051061678463094035
0 0.30331439393939397 0.45146612740141556 0.048674242424242425 0.04600606673407482
0 0.7675189393939394 0.15786147623862487 0.05890151515151515 0.06193124368048534
0 0.4140151515151515 0.8763902932254802 0.03636363636363636 0.03842264914054601
0 0.4672348484848485 0.023508594539939334 0.03901515151515152 0.03842264914054601
0 0.24886363636363637 0.20601617795753285 0.055303030303030305 0.06420626895854398
0 0.1337121212121212 0.1897118301314459 0.04696969696969697 0.048281092012133466
0 0.5365530303030303 0.22105662285136501 0.05037878787878788 0.05232558139534884
0 0.928219696969697 0.8281092012133469 0.06553030303030304 0.07532861476238625
0 0.9097537878787879 0.721562184024267 0.06079545454545455 0.05283114256825076
0 0.15416666666666667 0.3298786653185035 0.048484848484848485 0.054600606673407485
0 0.36240530303030305 0.301061678463094 0.03958333333333333 0.04398382204246714
0 0.31363636363636366 0.27970171890798784 0.03257575757575758 0.03008088978766431
0 0.7423295454545454 0.5999747219413549 0.04715909090909091 0.050808897876643076
0 0.25369318181818185 0.4138018200202224 0.05132575757575757 0.0551061678463094
0 0.5518939393939394 0.09390798786653184 0.051515151515151514 0.05333670374115268
0 0.6797348484848484 0.032735085945399395 0.05795454545454545 0.06294236602628918
0 0.5809659090909091 0.1879423660262892 0.06761363636363636 0.07002022244691608
0 0.7261363636363637 0.27654196157735084 0.05454545454545454 0.05358948432760364
0 0.021117424242424243 0.41456016177957533 0.042234848484848486 0.09049544994944388
0 0.5752840909090909 0.9143073811931244 0.04109848484848485 0.04044489383215369
0 0.1853219696969697 0.12929726996966634 0.03768939393939394 0.0346309403437816
0 0.4100378787878788 0.41228513650151666 0.038257575757575754 0.043478260869565216
0 0.4354166666666667 0.7430485338725986 0.048484848484848485 0.053842264914054604
0 0.6606060606060606 0.765798786653185 0.05946969696969697 0.05990899898887765
0 0.1418560606060606 0.9269464105156724 0.0375 0.04196157735085945
0 0.13664772727272728 0.865520728008089 0.06231060606060606 0.06016177957532862
0 0.35189393939393937 0.20563700707785643 0.051515151515151514 0.05535894843276037
0 0.013636363636363636 0.05093528816986855 0.02727272727272727 0.04979777553083923
0 0.18342803030303031 0.2166329625884732 0.04753787878787879 0.050050556117290194
0 0.6452651515151515 0.7114509605662285 0.048106060606060604 0.054853387259858444
0 0.6670454545454545 0.980788675429727 0.042045454545454546 0.03741152679474216
0 0.7388257575757575 0.8478260869565217 0.04734848484848485 0.05156723963599596
0 0.8054924242424243 0.9428715874620829 0.0571969696969697 0.05712841253791709
0 0.8964962121212121 0.1672143579373104 0.04791666666666667 0.050808897876643076
0 0.020265151515151514 0.2564459049544995 0.03977272727272727 0.07103134479271991
0 0.4393939393939394 0.12221941354903944 0.06477272727272727 0.07153690596562184
0 0.10899621212121212 0.3974974721941355 0.050189393939393936 0.048281092012133466
0 0.2831439393939394 0.8469413549039434 0.054924242424242424 0.05283114256825076
0 0.5100378787878788 0.9695399393326593 0.05568181818181818 0.05333670374115268
0 0.5940340909090909 0.5458796764408493 0.04450757575757576 0.0442366026289181
0 0.8493371212121212 0.4796511627906977 0.05776515151515151 0.06193124368048534
0 0.6630681818181818 0.20462588473205257 0.037121212121212124 0.04474216380182002
0 0.7950757575757575 0.8090242669362993 0.04924242424242424 0.0609201213346815
0 0.05520833333333333 0.8359453993933266 0.03996212121212121 0.04398382204246714
0 0.9206439393939394 0.020096056622851365 0.051893939393939395 0.04019211324570273
0 0.08513257575757575 0.12828614762386248 0.036931818181818184 0.04322548028311426
0 0.049337121212121214 0.5719160768452983 0.051704545454545454 0.051820020222446916
0 0.9847537878787879 0.26251263902932254 0.029734848484848486 0.047269969666329625
0 0.4731060606060606 0.9083670374115268 0.04696969696969697 0.04777553083923155
0 0.615625 0.9167087967644085 0.0365530303030303 0.041708796764408494
0 0.44668560606060603 0.19325075834175937 0.05700757575757576 0.054853387259858444
0 0.1347537878787879 0.015925176946410515 0.038825757575757576 0.03185035389282103
0 0.35047348484848484 0.8561678463094035 0.05435606060606061 0.06167846309403438
0 0.309375 0.38119312436804853 0.051704545454545454 0.054600606673407485
0 0.5265151515151515 0.8695652173913043 0.07007575757575757 0.08190091001011122
0 0.03617424242424242 0.6452224469160769 0.038636363636363635 0.047269969666329625
0 0.362594696969697 0.41177957532861476 0.03125 0.033367037411526794
0 0.25236742424242425 0.28804347826086957 0.05473484848484848 0.05738119312436805
0 0.8411931818181818 0.8475733063700708 0.055492424242424246 0.050050556117290194
0 0.6071022727272727 0.8757583417593529 0.030871212121212122 0.03109201213346815
0 0.03579545454545455 0.0980788675429727 0.0428030303030303 0.050050556117290194
0 0.6088068181818181 0.26870576339737107 0.061553030303030304 0.06016177957532862
0 0.3771780303030303 0.7165065722952477 0.05700757575757576 0.05990899898887765
0 0.024147727272727272 0.7961324570273003 0.048295454545454544 0.05889787664307381
0 0.23977272727272728 0.3667846309403438 0.05265151515151515 0.04903943377148635
0 0.13958333333333334 0.656850353892821 0.035227272727272725 0.040697674418604654
0 0.7743371212121212 0.5391809908998989 0.06723484848484848 0.0672396359959555
0 0.4337121212121212 0.46688574317492415 0.0625 0.06066734074823053
0 0.8607954545454546 0.6845298281092013 0.053409090909090906 0.07027300303336703
0 0.1790719696969697 0.6506572295247725 0.040340909090909094 0.04095045500505561
0 0.19261363636363638 0.5245197168857432 0.05 0.0525783619817998
0 0.48664772727272726 0.060414560161779575 0.04299242424242424 0.050050556117290194
0 0.8414772727272727 0.02110717896865521 0.08181818181818182 0.04221435793731042
0 0.21022727272727273 0.8191354903943378 0.031818181818181815 0.03109201213346815
0 0.8099431818181818 0.3064964610717897 0.042234848484848486 0.04524772497472194
0 0.48210227272727274 0.7919615773508595 0.04753787878787879 0.0551061678463094
0 0.35956439393939393 0.1268958543983822 0.042234848484848486 0.03993933265925177
0 0.1380681818181818 0.10490394337714863 0.038257575757575754 0.046511627906976744
0 0.4184659090909091 0.31193124368048536 0.05132575757575757 0.05864509605662285
0 0.7327651515151515 0.46246208291203234 0.04242424242424243 0.04878665318503539
0 0.2747159090909091 0.144211324570273 0.07329545454545454 0.06951466127401415
0 0.6848484848484848 0.8315217391304348 0.06780303030303031 0.06951466127401415
0 0.07433712121212122 0.22927199191102124 0.05284090909090909 0.05308392315470172
0 0.649905303030303 0.13700707785642063 0.058522727272727275 0.0525783619817998
0 0.6959280303030303 0.08581900910010111 0.0509469696969697 0.054853387259858444
0 0.18115530303030303 0.7382457027300303 0.04943181818181818 0.061425682507583415
0 0.1399621212121212 0.04903943377148635 0.033712121212121214 0.03842264914054601
0 0.5071969696969697 0.7039939332659252 0.048484848484848485 0.0525783619817998
0 0.43068181818181817 0.05535894843276037 0.037121212121212124 0.0455005055611729