0 0.3990530303030303 0.21006066734074824 0.11212121212121212 0.12335692618806876
0 0.045075757575757575 0.5542214357937311 0.09015151515151515 0.10995955510616785
0 0.5599431818181818 0.717391304347826 0.09943181818181818 0.1051567239635996
0 0.22007575757575756 0.413422649140546 0.0821969696969697 0.09529828109201213
0 0.8880681818181818 0.6246208291203236 0.10227272727272728 0.10819009100101112
0 0.7200757575757576 0.27970171890798784 0.10378787878787879 0.10288169868554095
0 0.8304924242424242 0.1710060667340748 0.07537878787878788 0.07355915065722952
0 0.306155303030303 0.3480788675429727 0.0903409090909091 0.0980788675429727
0 0.6779356060606061 0.15722952477249746 0.07026515151515152 0.08038422649140546
0 0.46060606060606063 0.4043225480283114 0.09242424242424242 0.09630940343781598
0 0.13011363636363638 0.1500252780586451 0.07196969696969698 0.07709807886754297
0 0.749905303030303 0.9270728008088979 0.0865530303030303 0.10288169868554095
0 0.17954545454545454 0.6001011122345804 0.08409090909090909 0.09403437815975733
0 0.7571022727272727 0.13169868554095046 0.08390151515151516 0.08543983822042467
0 0.42206439393939393 0.71840242669363 0.08087121212121212 0.08442871587462084
0 0.3047348484848485 0.5422143579373104 0.07954545454545454 0.08543983822042467
0 0.5700757575757576 0.5679979777553084 0.11174242424242424 0.11931243680485339
0 0.8912878787878787 0.4173407482305359 0.07083333333333333 0.06622851365015167
0 0.537594696969697 0.8897876643073812 0.07367424242424242 0.06673407482305359
0 0.12130681818181818 0.2556875631951466 0.07670454545454546 0.08670374115267948
0 0.45918560606060604 0.9428715874620829 0.07253787878787879 0.08341759352881699
0 0.534185606060606 0.811046511627907 0.07859848484848485 0.07962588473205258
0 0.6295454545454545 0.37474721941354905 0.07954545454545454 0.07962588473205258
0 0.6265151515151515 0.9292214357937311 0.09621212121212121 0.09302325581395349
0 0.4107954545454545 0.8824570273003033 0.04583333333333333 0.050050556117290194
0 0.12149621212121212 0.6650657229524772 0.05435606060606061 0.05915065722952477
0 0.871875 0.24077350859453994 0.06458333333333334 0.06547017189079879
0 0.5618371212121213 0.20980788675429726 0.08541666666666667 0.08341759352881699
0 0.3945075757575758 0.30889787664307383 0.051893939393939395 0.050050556117290194
0 0.6452651515151515 0.03867542972699697 0.08295454545454546 0.07735085945399393
0 0.23352272727272727 0.09504550050556117 0.06363636363636363 0.06774519716885744
0 0.41486742424242423 0.06016177957532862 0.06609848484848485 0.0692618806875632
0 0.9705492424242425 0.9184782608695652 0.05890151515151515 0.07457027300303337
0 0.051893939393939395 0.0820273003033367 0.06401515151515151 0.07103134479271991
0 0.4946969696969697 0.057254802831142565 0.08446969696969697 0.08164812942366026
0 0.7458333333333333 0.5716632962588474 0.11742424242424243 0.11097067745197169
0 0.2089962121212121 0.3330384226491405 0.05473484848484848 0.06900910010111223
0 0.21505681818181818 0.9278311425682507 0.0706439393939394 0.08569261880687563
0 0.24138257575757577 0.23432760364004043 0.06912878787878787 0.06066734074823053
0 0.37736742424242425 0.9820525783619818 0.048295454545454544 0.03538928210313448
0 0.017708333333333333 0.2096814964610718 0.035416666666666666 0.05990899898887765