0 0.7133522727272728 0.481041456016178 0.15700757575757576 0.17745197168857432
0 0.24365530303030303 0.24216380182002023 0.11609848484848485 0.14004044489383216
0 0.8447916666666667 0.8595803842264914 0.11875 0.12967644084934277
0 0.20331439393939393 0.4622093023255814 0.13011363636363638 0.1306875631951466
0 0.0987689393939394 0.35477755308392317 0.11875 0.15343781597573306
0 0.03446969696969697 0.6696157735085946 0.06893939393939394 0.12234580384226491
0 0.5643939393939394 0.4255561172901921 0.08181818181818182 0.08518705763397372
0 0.6692234848484848 0.6717644084934277 0.10776515151515151 0.10085945399393327
0 0.5067234848484848 0.07330637007077856 0.0846590909090909 0.0839231547017189
0 0.42348484848484846 0.8327856420626896 0.07878787878787878 0.07861476238624873
0 0.39431818181818185 0.9762386248736097 0.07424242424242425 0.046511627906976744
0 0.013825757575757576 0.10439838220424671 0.027651515151515153 0.04903943377148635