0 0.5948863636363636 0.538675429726997 0.04393939393939394 0.04499494438827098
0 0.6320075757575757 0.07621334681496461 0.04393939393939394 0.046258847320525785
0 0.6061553030303031 0.4097573306370071 0.05056818181818182 0.0525783619817998
0 0.6206439393939394 0.2961324570273003 0.048484848484848485 0.04929221435793731
0 0.922064393939394 0.20412032355915066 0.058143939393939394 0.05738119312436805
0 0.9484848484848485 0.2544236602628918 0.05568181818181818 0.05535894843276037
0 0.3464962121212121 0.18516177957532862 0.055113636363636365 0.05434782608695652
0 0.8819128787878788 0.15343781597573306 0.05321969696969697 0.06268958543983821
0 0.1553030303030303 0.6277805864509606 0.03333333333333333 0.0371587462082912
0 0.7196969696969697 0.02249747219413549 0.05227272727272727 0.04499494438827098
0 0.9586174242424242 0.7670626895854399 0.05056818181818182 0.05738119312436805
0 0.8854166666666666 0.5949191102123357 0.058333333333333334 0.0609201213346815
0 0.196875 0.0455005055611729 0.048674242424242425 0.0525783619817998
0 0.3702651515151515 0.04057128412537917 0.045075757575757575 0.04929221435793731
0 0.6979166666666666 0.1416835187057634 0.048106060606060604 0.05535894843276037
0 0.4231060606060606 0.49077350859453994 0.029166666666666667 0.03109201213346815
0 0.8527462121212122 0.3746208291203236 0.0634469696969697 0.06622851365015167
0 0.3261363636363636 0.5659757330637007 0.03636363636363636 0.038928210313447925
0 0.18134469696969696 0.2942366026289181 0.04147727272727273 0.043478260869565216
0 0.9890151515151515 0.6150151668351871 0.020833333333333332 0.032355915065722954
0 0.5823863636363636 0.073685540950455 0.045075757575757575 0.046258847320525785
0 0.8244318181818182 0.6266430738119313 0.05 0.05712841253791709
0 0.577935606060606 0.2665571284125379 0.060037878787878786 0.06496461071789686
0 0.975094696969697 0.02249747219413549 0.048295454545454544 0.04499494438827098
0 0.6851325757575758 0.233948432760364 0.05625 0.05990899898887765
0 0.6146780303030303 0.034378159757330634 0.04375 0.04196157735085945
0 0.4474431818181818 0.6813700707785642 0.05056818181818182 0.054853387259858444
0 0.8454545454545455 0.02666835187057634 0.05454545454545454 0.05333670374115268
0 0.8630681818181818 0.2031092012133468 0.032196969696969696 0.03008088978766431
0 0.812405303030303 0.27199191102123355 0.05056818181818182 0.050050556117290194
0 0.25615530303030304 0.11501516683518706 0.030113636363636363 0.03083923154701719
0 0.2430871212121212 0.06964105156723964 0.048674242424242425 0.051820020222446916
0 0.4388257575757576 0.9569009100101112 0.03295454545454545 0.03159757330637007
0 0.8006628787878788 0.1956521739130435 0.05246212121212121 0.05611729019211325
0 0.015909090909090907 0.7937310414560161 0.031818181818181815 0.03993933265925177
0 0.4756628787878788 0.1960313447927199 0.05321969696969697 0.04979777553083923
0 0.16221590909090908 0.3863751263902932 0.03049242424242424 0.03816986855409504
0 0.9272727272727272 0.0173154701718908 0.038636363636363635 0.0346309403437816
0 0.293655303030303 0.22977755308392314 0.038825757575757576 0.042467138523761376
0 0.2668560606060606 0.2784378159757331 0.04015151515151515 0.04474216380182002
0 0.9662878787878788 0.37070273003033366 0.04696969696969697 0.05637007077856421
0 0.11221590909090909 0.839737108190091 0.03125 0.03387259858442872
0 0.9835227272727273 0.08126895854398382 0.032196969696969696 0.054853387259858444
0 0.7552083333333334 0.2224469160768453 0.05397727272727273 0.05864509605662285
0 0.28740530303030304 0.9701718907987866 0.03238636363636364 0.03083923154701719
0 0.6102272727272727 0.8963599595551062 0.045075757575757575 0.043478260869565216
0 0.46079545454545456 0.5956774519716885 0.04318181818181818 0.048281092012133466
0 0.7640151515151515 0.3564206268958544 0.048863636363636366 0.04802831142568251
0 0.07954545454545454 0.5619312436804853 0.02462121212121212 0.028311425682507583
0 0.7702651515151515 0.7939838220424671 0.04734848484848485 0.046511627906976744
0 0.9795454545454545 0.17416582406471184 0.04053030303030303 0.05358948432760364
0 0.921875 0.9249241658240647 0.058522727272727275 0.051061678463094035
0 0.7263257575757576 0.9466632962588474 0.033712121212121214 0.03538928210313448
0 0.11297348484848485 0.4151921132457027 0.028977272727272727 0.035136501516683516
0 0.9430871212121212 0.6991911021233569 0.06458333333333334 0.0672396359959555
0 0.33418560606060604 0.06938827098078867 0.042234848484848486 0.04373104145601618
0 0.2444128787878788 0.9101365015166836 0.029356060606060608 0.03210313447927199
0 0.45956439393939397 0.5171890798786654 0.03996212121212121 0.03993933265925177
0 0.23162878787878788 0.3056117290192113 0.05075757575757576 0.04954499494438827
0 0.34602272727272726 0.32090495449949447 0.04696969696969697 0.047269969666329625
0 0.5857954545454546 0.15470171890798787 0.05037878787878788 0.054600606673407485
0 0.20113636363636364 0.12803336703741153 0.05416666666666667 0.05990899898887765
0 0.7364583333333333 0.8990141557128413 0.04071969696969697 0.0371587462082912
0 0.8857954545454545 0.0936552072800809 0.04242424242424243 0.04221435793731042
0 0.9499053030303031 0.9852123356926188 0.03276515151515152 0.02654196157735086
0 0.2359848484848485 0.3930738119312437 0.029924242424242423 0.03083923154701719
0 0.6357954545454545 0.13422649140546006 0.04090909090909091 0.04954499494438827
0 0.23759469696969698 0.1871840242669363 0.045265151515151515 0.04474216380182002
0 0.1418560606060606 0.5658493427704753 0.04053030303030303 0.040697674418604654
0 0.46524621212121214 0.4800303336703741 0.03238636363636364 0.0358948432760364
0 0.3886363636363636 0.9246713852376137 0.03068181818181818 0.03185035389282103
0 0.9002840909090909 0.9738372093023255 0.052083333333333336 0.05131445904954499
0 0.928314393939394 0.8464357937310415 0.056628787878787876 0.051820020222446916
0 0.253125 0.602881698685541 0.04715909090909091 0.0455005055611729
0 0.18986742424242425 0.3389787664307381 0.033901515151515155 0.03842264914054601
0 0.16827651515151515 0.775530839231547 0.04071969696969697 0.04044489383215369
0 0.787405303030303 0.9657482305358949 0.03276515151515152 0.041708796764408494
0 0.8986742424242424 0.5115015166835187 0.07954545454545454 0.07507583417593529
0 0.8740530303030303 0.7082912032355915 0.045454545454545456 0.04903943377148635
0 0.46524621212121214 0.78551567239636 0.038825757575757576 0.046258847320525785
0 0.7979166666666667 0.9044489383215369 0.04053030303030303 0.044489383215369056
0 0.4400568181818182 0.12778058645096058 0.03276515151515152 0.03058645096056623
0 0.8607954545454546 0.9349089989888777 0.032196969696969696 0.03665318503538928
0 0.443844696969697 0.9208796764408493 0.035416666666666666 0.03640040444893832
0 0.6793560606060606 0.9304853387259858 0.0446969696969697 0.05308392315470172
0 0.45350378787878787 0.25619312436804853 0.02556818181818182 0.025530839231547017
0 0.6509469696969697 0.009479271991911021 0.03901515151515152 0.018958543983822043
0 0.6172348484848484 0.36526794742163804 0.033712121212121214 0.032355915065722954
0 0.4966856060606061 0.9781344792719919 0.03731060606060606 0.04019211324570273
0 0.4036931818181818 0.5434782608695652 0.021780303030303032 0.023761375126390292
0 0.4777462121212121 0.8782861476238625 0.029734848484848486 0.03109201213346815
0 0.431155303030303 0.836324570273003 0.03806818181818182 0.03816986855409504
0 0.952935606060606 0.887639029322548 0.02784090909090909 0.03008088978766431
0 0.21477272727272728 0.9331395348837209 0.03674242424242424 0.040697674418604654
0 0.984564393939394 0.9668857431749242 0.03049242424242424 0.0429726996966633
0 0.5368371212121212 0.5637007077856421 0.03314393939393939 0.036905965621840245
0 0.5852272727272727 0.46246208291203234 0.04242424242424243 0.048281092012133466
0 0.9347537878787879 0.08291203235591507 0.048295454545454544 0.050050556117290194
0 0.03702651515151515 0.4638523761375126 0.030113636363636363 0.03083923154701719
0 0.13759469696969698 0.6624115267947421 0.029356060606060608 0.034125379170879676
0 0.4089962121212121 0.23382204246713853 0.04791666666666667 0.051061678463094035
0 0.5710227272727273 0.6007330637007078 0.04128787878787879 0.03816986855409504
0 0.18920454545454546 0.5935288169868554 0.029545454545454545 0.03185035389282103
0 0.8333333333333334 0.9710566228513651 0.051893939393939395 0.05131445904954499
0 0.3065340909090909 0.2856420626895854 0.030113636363636363 0.034378159757330634
0 0.3515151515151515 0.26377654196157735 0.05227272727272727 0.04878665318503539
0 0.8331439393939394 0.4558897876643074 0.041666666666666664 0.04575328614762386
0 0.8870265151515152 0.8848584428715874 0.044886363636363634 0.04979777553083923
0 0.36742424242424243 0.8586956521739131 0.023484848484848483 0.023761375126390292
0 0.4174242424242424 0.307633973710819 0.0446969696969697 0.0455005055611729
0 0.8973484848484848 0.30169362992922144 0.0821969696969697 0.07709807886754297
0 0.10009469696969697 0.7472194135490394 0.03617424242424242 0.03640040444893832
0 0.7821022727272727 0.47800808897876645 0.055492424242424246 0.06167846309403438
0 0.9372159090909091 0.6191860465116279 0.045265151515151515 0.048281092012133466
0 0.121875 0.3619817997977755 0.02821969696969697 0.029322548028311426
0 0.559564393939394 0.20007583417593527 0.045643939393939396 0.04120323559150657
0 0.534185606060606 0.7888018200202225 0.04299242424242424 0.03918099089989889
0 0.5504734848484848 0.8648887765419616 0.06571969696969697 0.06749241658240647
0 0.30331439393939397 0.49443882709807885 0.03314393939393939 0.03286147623862487
0 0.27168560606060604 0.45728008088978767 0.029734848484848486 0.027300303336703743
0 0.2559659090909091 0.5005055611729019 0.045643939393939396 0.044489383215369056
0 0.5775568181818181 0.7905712841253791 0.045643939393939396 0.04878665318503539
0 0.631155303030303 0.9860970677451971 0.03238636363636364 0.024772497472194135
0 0.5543560606060606 0.9259352881698686 0.03598484848484849 0.03538928210313448
0 0.09337121212121212 0.596562184024267 0.03446969696969697 0.034378159757330634
0 0.6752840909090909 0.5194641051567239 0.05132575757575757 0.050050556117290194
0 0.16922348484848485 0.8284883720930233 0.03276515151515152 0.03159757330637007
0 0.4948863636363636 0.8324064711830131 0.05227272727272727 0.04853387259858443
0 0.4952651515151515 0.25467644084934277 0.059848484848484845 0.070525783619818
0 0.23418560606060607 0.45551061678463095 0.035037878787878785 0.03488372093023256
0 0.7317234848484848 0.7618806875631952 0.05776515151515151 0.05915065722952477
0 0.555965909090909 0.9719413549039434 0.048295454545454544 0.04853387259858443
0 0.08664772727272728 0.39269464105156726 0.03162878787878788 0.03361981799797775
0 0.4786931818181818 0.12664307381193124 0.03428030303030303 0.038928210313447925
0 0.337405303030303 0.6229777553083923 0.03958333333333333 0.04373104145601618
0 0.051041666666666666 0.7783114256825076 0.04109848484848485 0.05055611729019211
0 0.9876893939393939 0.8909251769464105 0.02462121212121212 0.051820020222446916
0 0.234375 0.6521739130434783 0.03579545454545455 0.03741152679474216
0 0.6816287878787879 0.9826845298281092 0.04090909090909091 0.03361981799797775
0 0.3481060606060606 0.47484833164812945 0.04924242424242424 0.04474216380182002
0 0.1831439393939394 0.8859959555106168 0.045454545454545456 0.044489383215369056
0 0.11401515151515151 0.6248736097067745 0.02878787878787879 0.028311425682507583