0 0.35397727272727275 0.046638018200202226 0.06401515151515151 0.06900910010111223
0 0.20293560606060607 0.846562184024267 0.07859848484848485 0.08088978766430738
0 0.3106060606060606 0.12790697674418605 0.10833333333333334 0.10768452982810921
0 0.2865530303030303 0.44198685540950455 0.07386363636363637 0.07254802831142568
0 0.9523674242424243 0.6727755308392316 0.06723484848484848 0.07204246713852376
0 0.8214962121212122 0.5084681496461072 0.09071969696969696 0.09984833164812942
0 0.6987689393939394 0.09390798786653184 0.09071969696969696 0.09630940343781598
0 0.030397727272727274 0.4308645096056623 0.06079545454545455 0.09378159757330637
0 0.4706439393939394 0.0628159757330637 0.08409090909090909 0.0826592517694641
0 0.055113636363636365 0.8483316481294236 0.06477272727272727 0.0788675429726997
0 0.20861742424242424 0.22080384226491406 0.0831439393939394 0.08923154701718908
0 0.5051136363636364 0.5404448938321537 0.0659090909090909 0.06825075834175935
0 0.17755681818181818 0.06382709807886754 0.058143939393939394 0.06193124368048534
0 0.6800189393939394 0.9558897876643074 0.06571969696969697 0.07002022244691608
0 0.4954545454545455 0.6862992922143579 0.08863636363636364 0.0788675429726997
0 0.8470643939393939 0.11564711830131445 0.07291666666666667 0.08063700707785643
0 0.10293560606060606 0.2788169868554095 0.07026515151515152 0.07735085945399393
0 0.8313446969696969 0.9235338725985844 0.07973484848484849 0.07355915065722952
0 0.5177083333333333 0.22535389282103135 0.09147727272727273 0.09984833164812942
0 0.32007575757575757 0.25922649140546006 0.08295454545454546 0.0922649140546006
0 0.12414772727272727 0.10654701718907988 0.07140151515151515 0.06395348837209303
0 0.07424242424242425 0.5552325581395349 0.08977272727272727 0.0801314459049545
0 0.016098484848484848 0.6088220424671386 0.032196969696969696 0.05283114256825076
0 0.5327651515151515 0.9398382204246714 0.03446969696969697 0.03842264914054601
0 0.44488636363636364 0.4724469160768453 0.045454545454545456 0.04095045500505561
0 0.9360795454545454 0.3546511627906977 0.07178030303030303 0.06572295247724974
0 0.2997159090909091 0.3581900910010111 0.07973484848484849 0.08038422649140546
0 0.3086174242424242 0.9780080889787665 0.060037878787878786 0.043478260869565216
0 0.01553030303030303 0.2141051567239636 0.03106060606060606 0.052072800808897875
0 0.7404356060606061 0.983948432760364 0.036931818181818184 0.03109201213346815
0 0.7920454545454545 0.9806622851365016 0.048863636363636366 0.03816986855409504
0 0.5628787878787879 0.7114509605662285 0.031818181818181815 0.03665318503538928
0 0.9832386363636364 0.17644084934277046 0.033522727272727273 0.041456016177957536
0 0.9454545454545454 0.7700960566228514 0.08598484848484848 0.09277047522750252
0 0.03162878787878788 0.05219919110212336 0.06287878787878788 0.0755813953488372
0 0.7859848484848485 0.2814711830131446 0.06325757575757576 0.06698685540950455
0 0.06268939393939393 0.9405965621840243 0.06856060606060606 0.06875631951466127
0 0.6100378787878787 0.9411021233569262 0.03787878787878788 0.04044489383215369
0 0.5354166666666667 0.983948432760364 0.035606060606060606 0.03109201213346815
0 0.42026515151515154 0.35717896865520726 0.0659090909090909 0.0692618806875632
0 0.7099431818181818 0.2123356926188069 0.05738636363636364 0.06167846309403438
0 0.5268939393939394 0.4381951466127401 0.05454545454545454 0.059403437815975735