0 0.03525378787878788 0.13701718907987864 0.015376893939393938 0.01559150657229525
0 0.04818181818181818 0.098159757330637 0.01207386363636363 0.012674418604651159
0 0.06042613636363636 0.15624115267947422 0.01150378787878788 0.015728008088978774
0 0.09892424242424243 0.20787158746208292 0.018339015151515148 0.024130434782608706
0 0.06976515151515152 0.2531951466127401 0.025172348484848478 0.030240141557128383
0 0.12802651515151514 0.2513650151668352 0.01822537878787879 0.021119817997977745
0 0.04624431818181818 0.19220677451971688 0.017768939393939392 0.018948432760364013
0 0.06435606060606061 0.20718655207280082 0.01982007575757575 0.023369565217391315
0 0.1715378787878788 0.227633973710819 0.015490530303030296 0.016830131445904936
0 0.2957007575757576 0.14495449949443884 0.017695075757575725 0.021723963599595567
0 0.468217803030303 0.14851617795753286 0.02147537878787885 0.029502022244691617
0 0.6897632575757575 0.2845930232558139 0.014852272727272742 0.017416582406471207
0 0.134717803030303 0.3410591506572295 0.016350378787878775 0.018417593528817017
0 0.18352651515151513 0.3108973710819009 0.01915530303030305 0.020075834175935305
0 0.14468181818181816 0.4218933265925177 0.01576893939393939 0.017906976744186082
0 0.105875 0.48920121334681493 0.0185340909090909 0.02305611729019212
0 0.13322537878787877 0.5132558139534884 0.02363636363636363 0.024279575328614807
0 0.13419318181818182 0.4879069767441861 0.027380681818181807 0.023228008088978735
0 0.05121022727272727 0.5463549039433772 0.029318181818181816 0.02565975733063706
0 0.05185606060606061 0.5689004044489384 0.025960227272727277 0.02352123356926193
0 0.09464772727272727 0.6659580384226492 0.021073863636363634 0.026602628918099034
0 0.05744128787878788 0.6463498483316481 0.032450757575757584 0.03567745197168866
0 0.42316287878787884 0.40951213346814963 0.01679356060606062 0.02216127401415573