0 0.2549431818181818 0.043612234580384227 0.031365530303030326 0.031729019211324566
0 0.2977064393939394 0.016706268958543984 0.024982954545454517 0.02854398382204247
0 0.3241496212121212 0.020601617795753285 0.018053030303030335 0.02854651162790698
0 0.3473087121212121 0.05822042467138524 0.034465909090909096 0.0327123356926188
0 0.057170454545454545 0.030222446916076846 0.02972537878787879 0.024421132457027303
0 0.11042045454545454 0.05116026289180991 0.020971590909090912 0.020540950455005053
0 0.16193749999999998 0.05067492416582407 0.040119318181818166 0.03125379170879677
0 0.03765719696969697 0.12043225480283117 0.020606060606060607 0.02180738119312438
0 0.03309848484848485 0.15354651162790697 0.03191287878787879 0.02767441860465117
0 0.1588371212121212 0.18418857431749242 0.028448863636363644 0.031524266936299304
0 0.27062689393939393 0.224345298281092 0.0342840909090909 0.03881193124368048
0 0.17160416666666664 0.28911274014155713 0.04704924242424242 0.04372851365015161
0 0.07413068181818182 0.28348837209302324 0.02717234848484849 0.036865520728008125
0 0.013312500000000001 0.34848584428715873 0.02589583333333333 0.03321536905965624
0 0.14848863636363635 0.3340015166835187 0.03034848484848485 0.034699191102123356
0 0.36328977272727275 0.2712917087967644 0.03478409090909088 0.042446916076845316
0 0.3056401515151515 0.28858695652173916 0.022589015151515148 0.028950960566228565
0 0.3014128787878788 0.3221587462082912 0.03519886363636362 0.03633973710819015
0 0.2815965909090909 0.29562184024266935 0.027992424242424277 0.03080131445904952
0 0.38102651515151514 0.4180687563195147 0.03921780303030306 0.047833670374115275
0 0.5265378787878787 0.26638776541961573 0.04032765151515157 0.04891557128412541
0 0.4276590909090909 0.25372093023255815 0.03492234848484855 0.03838220424671386
0 0.46375946969696974 0.22356167846309402 0.031179924242424262 0.03650910010111225
0 0.5036496212121212 0.08597826086956521 0.03442613636363644 0.03165065722952478
0 0.48265340909090904 0.06325328614762386 0.018037878787878745 0.018298786653185038
0 0.7714337121212121 0.36257583417593525 0.03190340909090914 0.03362992922143578
0 0.7745492424242424 0.5809908998988877 0.037505681818181855 0.04457785642062699
0 0.9562272727272727 0.549866026289181 0.034441287878787946 0.039615773508594604
0 0.2426003787878788 0.5544615773508594 0.029028409090909087 0.032072800808897906
0 0.2696022727272727 0.5971916076845297 0.019848484848484883 0.027464610717896774
0 0.2631098484848485 0.5002654196157735 0.02406628787878791 0.031852881698685595
0 0.244875 0.6203589484327603 0.022659090909090886 0.031852881698685595
0 0.35336931818181816 0.7547295247724974 0.03165909090909088 0.04009352881698677
0 0.5077045454545455 0.8568832153690596 0.04247159090909091 0.049795247724974664
0 0.5248162878787879 0.8003235591506572 0.02363257575757571 0.03427704752275035
0 0.5522386363636363 0.9359479271991912 0.025416666666666633 0.03236349848331642
0 0.33216287878787876 0.9607532861476238 0.031443181818181815 0.03497472194135482
0 0.3786875 0.9835136501516684 0.02504545454545459 0.026812436804853314
0 0.1085719696969697 0.8857962588473205 0.029731060606060608 0.03837462082912042
0 0.16509280303030305 0.8603235591506573 0.027600378787878792 0.03336450960566223
0 0.25713257575757575 0.42200202224469163 0.023791666666666645 0.03196663296258848
0 0.12583901515151513 0.5419843276036401 0.019331439393939383 0.025123862487361055
0 0.03815719696969697 0.8109201213346815 0.0178314393939394 0.027803336703741098
0 0.6755151515151515 0.7946890798786653 0.03404734848484857 0.04052578361981792
0 0.7023219696969697 0.8426921132457027 0.05121401515151512 0.053586956521739074
0 0.7405871212121212 0.811701213346815 0.02340151515151523 0.030005055611728972
0 0.8809469696969696 0.8880106167846309 0.0467064393939395 0.055642062689585416
0 0.9285170454545454 0.9055485338725986 0.019852272727272673 0.030813953488372
0 0.8967234848484849 0.9268680485338726 0.02263446969696974 0.021736602628918043
0 0.7717575757575758 0.8610566228513651 0.01630492424242427 0.02221435793731044
0 0.8179848484848485 0.8364914054600606 0.02167424242424252 0.02838220424671379
0 0.8417689393939394 0.8766986855409504 0.025126893939393952 0.029946916076845364
0 0.8410984848484848 0.823298786653185 0.03145643939393942 0.03118301314459041
0 0.8483863636363635 0.8486501516683519 0.03145643939393942 0.02198179979777554
0 0.8956098484848485 0.7525960566228513 0.025660984848484808 0.033950960566228615
0 0.9843352272727273 0.8772446916076846 0.03132954545454547 0.03780080889787663
0 0.893784090909091 0.8158114256825075 0.028066287878787975 0.05668351870576334
0 0.8573428030303031 0.7763852376137513 0.03786742424242434 0.04632962588473199
0 0.9855681818181818 0.7061627906976744 0.028861742424242314 0.032709807886754205
0 0.4367462121212121 0.8202047522750253 0.029617424242424265 0.04551567239636006
0 0.3145549242424242 0.14595298281092012 0.03446212121212122 0.04334934277047523
0 0.2678371212121212 0.13108695652173913 0.013378787878787855 0.015902426693629935
0 0.9730189393939394 0.8312917087967644 0.026335227272727135 0.035331142568250866