0 0.3020965909090909 0.19868554095045501 0.04926893939393937 0.06665571284125381
0 0.3990530303030303 0.04461577350859454 0.07234848484848484 0.08923154701718908
0 0.37211174242424244 0.47850101112234583 0.05445454545454549 0.07484074823053594
0 0.461717803030303 0.456577350859454 0.0538787878787878 0.09559656218402422
0 0.5065208333333333 0.5061754297269969 0.05186174242424241 0.06362740141557123
0 0.5088257575757575 0.22730030333670376 0.0599299242424243 0.05235844287158749
0 0.01253409090909091 0.6257431749241659 0.025066287878787882 0.05061172901921139
0 0.05214962121212122 0.6926769464105157 0.049556818181818195 0.055182002022244735
0 0.10458901515151516 0.830030333670374 0.04494696969696969 0.08570525783619823
0 0.46791098484848487 0.6968756319514662 0.05935416666666673 0.10550050556117282
0 0.2820719696969697 0.9628083923154701 0.07836931818181818 0.07438321536905972
0 0.6295492424242424 0.8230788675429727 0.06972537878787873 0.08333923154701708
0 0.709935606060606 0.9772295247724975 0.043795454545454506 0.045540950455005016
0 0.9679924242424243 0.9494438827098078 0.06401515151515151 0.10111223458038422
0 0.8905890151515152 0.8119261880687563 0.04206628787878799 0.11871334681496463
0 0.7556022727272728 0.6568882709807887 0.04350568181818174 0.05321284125379176
0 0.6252272727272727 0.6851693629929222 0.08874242424242432 0.10285642062689576
0 0.6090928030303031 0.5841885743174925 0.07030113636363629 0.0831673407482306
0 0.736875 0.4994464105156724 0.061369318181818136 0.09827098078867548
0 0.7932026515151515 0.3524974721941355 0.06857386363636359 0.09509352881698686
0 0.9770833333333333 0.053842264914054604 0.04583333333333333 0.10465116279069768
0 0.7436458333333333 0.023897876643073815 0.16307765151515147 0.04779575328614763
0 0.019886363636363636 0.14914054600606674 0.03977272727272727 0.0551061678463094