0 0.42481250000000004 0.31924418604651167 0.018524621212121287 0.023824570273003033
0 0.9801155303030303 0.09388776541961577 0.016954545454545538 0.023008088978766425
0 0.5305 0.36622851365015163 0.014113636363636446 0.01908493427704752
0 0.5172651515151515 0.30128412537917093 0.010875000000000013 0.013094034378159803
0 0.5006401515151515 0.3083594539939332 0.014708333333333306 0.01665571284125376
0 0.4426401515151515 0.29336703741152675 0.01610984848484856 0.0158013144590496
0 0.5508958333333334 0.5098685540950455 0.012912878787878843 0.016296764408493435
0 0.5679337121212121 0.5368149646107179 0.013304924242424243 0.018339231547017235
0 0.5498863636363637 0.5430510616784631 0.008196969696969649 0.010133973710819045
0 0.5738011363636364 0.596721435793731 0.011564393939394015 0.017965116279069694
0 0.5851420454545455 0.6196006066734074 0.02391477272727281 0.01367542972699706
0 0.5528901515151515 0.6302831142568251 0.013753787878787858 0.017654196157735124
0 0.5103598484848485 0.6124671385237614 0.00907765151515157 0.01444893832153687
0 0.5001799242424242 0.6352300303336703 0.014263257575757651 0.013053589484327686
0 0.49816098484848487 0.6716986855409504 0.013303030303030261 0.017019716885743157
0 0.5370643939393939 0.668556622851365 0.015607954545454519 0.021761880687563233
0 0.5458049242424242 0.6924671385237614 0.014168560606060681 0.02682507583417591
0 0.5166515151515152 0.7144236602628918 0.01704924242424251 0.01939332659251776
0 0.5131950757575757 0.7377957532861475 0.013015151515151563 0.01767947421638008
0 0.4805435606060606 0.8003614762386249 0.008047348484848444 0.011152679474216352
0 0.5318712121212121 0.737360970677452 0.009352272727272747 0.011425682507583372
0 0.4907916666666667 0.7445045500505562 0.009297348484848512 0.01555358948432754
0 0.4748068181818182 0.7768756319514661 0.012232954545454573 0.010048028311425683
0 0.4515359848484849 0.7946638018200203 0.011363636363636364 0.01935540950454998
0 0.4588484848484848 0.8230333670374116 0.01054734848484841 0.014699191102123265
0 0.45648295454545457 0.8396107178968655 0.013647727272727348 0.013020728008089033
0 0.3682424242424242 0.9256572295247725 0.008316287878787852 0.010836703741152653
0 0.7363579545454545 0.7681319514661274 0.008721590909090943 0.013402426693630039
0 0.768623106060606 0.7826921132457028 0.017649621212121224 0.02360212335692616
0 0.7872272727272728 0.7858746208291203 0.006882575757575785 0.009593023255813907
0 0.8196287878787879 0.7842795753286148 0.011992424242424188 0.014411021233569316
0 0.8432746212121212 0.7851011122345805 0.01676325757575762 0.02114509605662276
0 0.8249791666666667 0.7719059656218402 0.009607954545454463 0.012583417593528753
0 0.8514185606060606 0.738030839231547 0.015876893939393927 0.02341253791708794
0 0.864935606060606 0.6660692618806875 0.015558712121212053 0.019001516683518724
0 0.8024867424242424 0.8686349848331648 0.01610227272727281 0.018968655207280073
0 0.7739640151515152 0.933432760364004 0.02083143939393944 0.021372598584428762
0 0.7803996212121213 0.9507684529828109 0.014905303030303081 0.018094034378159738
0 0.8088314393939394 0.9344716885743175 0.016581439393939256 0.017378665318503538
0 0.7959318181818182 0.9180131445904954 0.017119318181818072 0.02249241658240636
0 0.895808712121212 0.9121764408493428 0.012331439393939504 0.017783114256825168
0 0.8289829545454545 0.9530561172901921 0.009831439393939366 0.011263902932254904
0 0.8369090909090909 0.9640520728008088 0.007954545454545454 0.01073053589484323
0 0.837590909090909 0.9791911021233569 0.008865530303030207 0.00832153690596564
0 0.8385852272727272 0.9950101112234581 0.012445075757575592 0.008410010111223568
0 0.8143503787878789 0.9635642062689586 0.007613636363636501 0.013167340748230573
0 0.8219924242424242 0.960793731041456 0.006079545454545523 0.01248230535894846
0 0.8007329545454546 0.8873938321536906 0.009575757575757479 0.011536905965621923
0 0.6641780303030304 0.5062714863498483 0.014681818181818265 0.017472194135490365
0 0.6513503787878788 0.5128741152679475 0.015609848484848499 0.013349342770475213
0 0.6623238636363636 0.5560515672396359 0.01035416666666668 0.01307128412537918
0 0.669625 0.5300025278058645 0.014142045454545468 0.02285389282103131
0 0.6379034090909091 0.4587360970677452 0.0214829545454546 0.02471435793731041
0 0.6420776515151515 0.43871840242669363 0.01962689393939396 0.016033872598584388
0 0.6621306818181818 0.43103134479271993 0.010895833333333285 0.015098584428715879
0 0.640532196969697 0.42045500505561173 0.011590909090909056 0.01168857431749236
0 0.6233768939393939 0.4223129423660263 0.012518939393939462 0.014165824064711821
0 0.8018409090909091 0.2441582406471183 0.0169583333333335 0.02164054600606671
0 0.8544204545454546 0.2054246713852376 0.013375000000000152 0.014643579373104162
0 0.8524526515151515 0.18785894843276035 0.010839015151515068 0.014514661274014174
0 0.8368068181818182 0.19072042467138525 0.011013257575757506 0.013698179979777568