0 0.38163825757575753 0.5862386248736097 0.07596401515151513 0.0999342770475228
0 0.517560606060606 0.4550075834175935 0.04775946969696971 0.06750000000000005
0 0.37458901515151516 0.7019312436804854 0.040130681818181836 0.04807128412537919
0 0.4777140151515151 0.8956723963599597 0.04032386363636361 0.056238624873609595
0 0.520064393939394 0.7779828109201213 0.06598484848484841 0.0711577350859454
0 0.7344185606060606 0.728536400404449 0.05029545454545462 0.05555358948432772
0 0.8538181818181818 0.6581825075834176 0.038780303030303075 0.04407735085945397
0 0.8634810606060607 0.7195829120323559 0.04590151515151526 0.054873609706774504
0 0.8999299242424242 0.5861071789686552 0.0675946969696969 0.10371840242669374
0 0.31070454545454546 0.9454550050556116 0.035382575757575786 0.03833417593528808
0 0.20411363636363636 0.946443377148635 0.0625776515151515 0.06922649140545997
0 0.15361931818181818 0.9449165824064713 0.04250000000000002 0.056223458038422665
0 0.07658333333333334 0.9239762386248737 0.05867045454545454 0.06729019211324566
0 0.10432575757575759 0.9816228513650153 0.06113446969696969 0.03576086956521746
0 0.03002651515151515 0.975005055611729 0.05392045454545454 0.04948179979777553
0 0.11451515151515151 0.1554448938321537 0.0543125 0.0457305358948433
0 0.12253219696969697 0.218288675429727 0.04678787878787878 0.06242416582406472
0 0.08775189393939395 0.3392593528816987 0.04986363636363637 0.07064711830131447
0 0.029414772727272727 0.2847598584428716 0.042731060606060606 0.059120323559150686
0 0.19160037878787878 0.3137942366026289 0.0632121212121212 0.06792719919110218
0 0.29175189393939394 0.15121587462082914 0.05738825757575753 0.06714357937310413
0 0.4710170454545454 0.08391809908998989 0.03271780303030303 0.03577856420626895
0 0.5020587121212121 0.34873356926188065 0.06008712121212125 0.08130687563195149
0 0.6593825757575758 0.2609504550050556 0.03876893939393936 0.047856420626895865
0 0.7047708333333333 0.2701491405460061 0.050931818181818196 0.07002022244691608
0 0.7573484848484849 0.27108948432760366 0.046429924242424175 0.05306875631951467
0 0.7552765151515152 0.08007836198179981 0.041181818181818104 0.050437310414560156
0 0.8091193181818181 0.07435793731041457 0.0715587121212121 0.07740394337714862
0 0.8094147727272727 0.1291835187057634 0.05738825757575762 0.04833164812942364
0 0.9070435606060605 0.0832633973710819 0.04830492424242411 0.05053589484327602
0 0.9448181818181819 0.025583923154701715 0.051515151515151514 0.048030839231547016
0 0.9797367424242425 0.2695247724974722 0.0386761363636362 0.06506572295247727
0 0.047903409090909094 0.6124772497472194 0.06360984848484849 0.08709807886754307
0 0.26725946969696973 0.4523356926188069 0.047810606060606074 0.06764408493427702
0 0.015541666666666667 0.15422901921132456 0.02887500000000001 0.0951036400404449
0 0.6246609848484849 0.7973483316481295 0.038106060606060574 0.04417846309403449
0 0.9353390151515152 0.3870955510616784 0.030089015151515304 0.04443882709807891
0 0.050503787878787884 0.8121359959555106 0.02550568181818181 0.035571284125379236
0 0.12136363636363635 0.8937462082912032 0.030729166666666665 0.030199696663296322
0 0.3967727272727273 0.09557633973710819 0.03613068181818186 0.03540950455005057
0 0.024304924242424246 0.07503033367037411 0.03768939393939394 0.034676440849342766