0 0.2884962121212121 0.22228513650151668 0.06553030303030304 0.08547522750252783
0 0.3228598484848485 0.2709858442871587 0.05753977272727272 0.06031344792719917
0 0.12400189393939394 0.098551567239636 0.049814393939393936 0.055596562184024284
0 0.2328219696969697 0.5573887765419616 0.03249999999999998 0.06237866531850365
0 0.1454469696969697 0.6148281092012134 0.046350378787878795 0.0684630940343782
0 0.04741666666666667 0.6783164812942366 0.042089015151515155 0.07384226491405457
0 0.01878030303030303 0.7250606673407483 0.03756060606060606 0.0651895854398383
0 0.3907878787878788 0.6866708796764408 0.041556818181818195 0.05428463094034378
0 0.37214204545454543 0.7389560161779575 0.049015151515151505 0.07352628918099087
0 0.432876893939394 0.71866026289181 0.04688446969696973 0.060927704752274964
0 0.4461969696969697 0.5833518705763396 0.03409659090909086 0.06737613751263902
0 0.4519242424242424 0.7956774519716885 0.02157765151515157 0.031241152679474252
0 0.23575189393939394 0.7492719919110212 0.054342803030303 0.08135743174924175
0 0.06979356060606061 0.8099974721941354 0.048482954545454544 0.05988372093023247
0 0.029166666666666667 0.9223963599595552 0.058333333333333334 0.0884732052578362
0 0.09217045454545454 0.9351921132457027 0.029303030303030296 0.07134732052578362
0 0.15482954545454544 0.9732052578361982 0.04450757575757576 0.05358948432760364
0 0.20271969696969694 0.8669034378159757 0.042621212121212115 0.06276541961577356
0 0.25493181818181815 0.8270728008088979 0.05114583333333337 0.0812335692618806
0 0.3119375 0.8375353892821031 0.06180113636363636 0.0919666329625884
0 0.4097007575757575 0.8583670374115268 0.05381060606060604 0.06276036400404443
0 0.41303219696969695 0.9216506572295248 0.05940340909090906 0.07519211324570274
0 0.5588768939393939 0.9167012133468149 0.04208901515151507 0.06423154701718917
0 0.48828598484848484 0.9604448938321537 0.03516287878787876 0.04505561172901915
0 0.5943068181818182 0.9380182002022245 0.05008143939393945 0.06379170879676432
0 0.6976647727272728 0.9657583417593528 0.08311174242424241 0.06848331648129426
0 0.7703882575757576 0.9006976744186046 0.05594128787878786 0.06635490394337715
0 0.6571742424242425 0.8699292214357938 0.03729356060606058 0.045351365015166796
0 0.6499810606060606 0.8075176946410516 0.061268939393939396 0.08905460060667346
0 0.6321344696969697 0.7109529828109201 0.0575397727272728 0.07298533872598596
0 0.5863162878787879 0.7687487360970677 0.045818181818181834 0.07978260869565215
0 0.7566685606060606 0.6584959555106168 0.03649431818181811 0.09393326592517703
0 0.6704943181818181 0.30301314459049544 0.05274431818181814 0.08053589484327602
0 0.732560606060606 0.3467618806875632 0.055409090909090984 0.0955030333670374
0 0.7373560606060605 0.23614762386248736 0.0681950757575757 0.08333417593528819
0 0.6443882575757576 0.05198685540950454 0.05008143939393945 0.08619817997977755
0 0.9051799242424243 0.08288675429726997 0.04102272727272734 0.049868554095045495
0 0.9794943181818181 0.2139560161779575 0.041011363636363804 0.09654701718907986
0 0.8897291666666668 0.2865040444893832 0.06446590909090893 0.05818503538928209
0 0.932217803030303 0.3569034378159758 0.0791174242424242 0.07407229524772503
0 0.9017159090909092 0.5191708796764409 0.05807196969696985 0.07127401415571286
0 0.8393825757575757 0.5332178968655207 0.05807196969696985 0.06310161779575331
0 0.8232651515151516 0.5967062689585441 0.0721912878787879 0.08128412537917099
0 0.864689393939394 0.7021612740141557 0.051145833333333196 0.08953488372093019
0 0.9525965909090909 0.8886147623862488 0.03356439393939382 0.04432254802831146
0 0.8786742424242423 0.9060439838220424 0.050346590909090896 0.062118301314458994
0 0.8461174242424242 0.9705510616784631 0.05890151515151515 0.05889787664307381