0 0.7092878787878788 0.47679474216380185 0.140534090909091 0.1612285136501517
0 0.5619412878787879 0.4159681496461072 0.05995075757575757 0.07075075834175933
0 0.5974640151515151 0.5048432760364004 0.043405303030303086 0.05833670374115273
0 0.6598484848484848 0.6674772497472194 0.07007196969696962 0.0874418604651163
0 0.6880719696969697 0.3554752275025278 0.1043295454545454 0.13837462082912028
0 0.51075 0.0694211324570273 0.07669128787878793 0.06350101112234581
0 0.8374621212121213 0.8464838220424672 0.10296780303030305 0.135267947421638
0 0.42296401515151516 0.827505055611729 0.07046212121212121 0.07080889787664305
0 0.22384280303030304 0.849850859453994 0.07162878787878786 0.06250758341759347
0 0.022676136363636364 0.667489888776542 0.04535227272727273 0.13578867542972706
0 0.21157954545454546 0.4449747219413549 0.1019943181818182 0.1162942366026289
0 0.09235984848484849 0.4812234580384226 0.07143560606060605 0.08123862487360968
0 0.0945 0.34793478260869565 0.07454924242424242 0.12017189079878668
0 0.23931628787878786 0.23597826086956522 0.07688446969696966 0.14410262891809913
0 0.017518939393939392 0.9140470171890799 0.03503598484848485 0.06620070778564215